1503 
 1.379490 18.369101 7.628120 
 38.417099 -42.269199 49.758499 
 60.372700 -15.127400 25.180201 
 16.943600 15.929100 -5.183770 
 -19.592699 -61.379200 -11.714800 
 1.319290 16.785000 25.970501 
 -68.676003 -0.482758 8.847240 
 -68.418701 1.459740 44.794300 
 -41.949001 -62.262001 2.636950 
 -58.911301 37.396801 43.519798 
 30.530399 13.019100 34.356602 
 7.211120 -30.610800 59.817299 
 62.396801 -17.598600 8.156940 
 -55.260502 36.678101 -21.971701 
 -28.511299 -19.401699 44.662998 
 70.555199 -53.348900 29.957800 
 -35.417198 16.508699 -3.792740 
 -49.411301 34.200298 -13.822300 
 -53.415199 32.603802 46.924500 
 -42.697201 -75.592903 45.959599 
 73.093803 -59.617500 7.251410 
 -13.209500 -54.059299 38.019901 
 -30.658600 -66.768097 45.141800 
 -44.469299 -17.552099 47.029999 
 -50.541801 46.168800 16.938400 
 -32.500000 -63.456200 42.311699 
 38.246399 5.412710 -11.102500 
 -40.067001 -52.883400 2.371340 
 -25.507700 61.128101 -6.722400 
 -0.262346 62.444099 -21.816900 
 27.979000 -75.574699 22.531401 
 -43.061600 11.234700 -7.246780 
 31.395901 -18.767200 54.049801 
 46.177502 -75.070198 7.359070 
 -44.785900 30.500799 -4.501600 
 -27.144501 15.910400 -6.160170 
 -23.732300 -9.780620 -19.818899 
 -53.273899 -26.687500 -15.707900 
 17.900900 -8.594030 45.822399 
 -40.352100 -51.973301 19.748199 
 2.792190 72.242798 -21.390200 
 -54.955502 46.407398 -37.468498 
 -56.702900 18.892599 53.813000 
 -53.380901 47.117901 -0.676503 
 -64.947800 -36.711800 7.327280 
 1.347890 -71.228798 -11.755800 
 -44.817902 -44.886902 33.937500 
 -42.468800 30.986700 34.937801 
 -0.994494 71.176804 -16.997499 
 -22.657400 -75.557800 41.146900 
 -7.401710 -74.885002 -27.273600 
 10.841800 -26.795200 58.469700 
 29.726999 -66.347298 -23.333200 
 -2.750380 16.386299 3.990850 
 -4.982940 62.341099 -19.529301 
 18.962999 -70.843903 -6.052160 
 2.731520 -13.449500 -29.334400 
 -31.154301 -42.576698 40.591400 
 -34.668900 -44.258598 -9.679580 
 -4.475620 -18.154301 -34.057098 
 -21.564400 -38.018101 -15.624900 
 55.742699 -28.433201 -11.979200 
 60.245499 -10.255500 13.597600 
 -43.520901 -29.102600 44.732201 
 24.239799 -64.341599 -24.019600 
 -49.667599 7.348390 -7.335000 
 -50.837002 41.049900 39.128601 
 -54.470600 5.313370 -6.239040 
 2.123050 -28.257401 58.516899 
 -69.382500 -0.880693 14.349500 
 -34.535702 -60.726601 15.766800 
 -10.615800 -59.687000 45.591099 
 45.730099 -39.527401 43.553699 
 -39.897900 -42.016899 38.937199 
 -46.129902 -7.666580 -16.849199 
 -49.819901 -48.505100 22.504299 
 -42.628201 33.728100 -0.973962 
 -40.024399 -53.952702 7.721620 
 -61.751900 17.624300 55.133801 
 -50.972801 -45.197201 27.754801 
 52.452499 -34.403999 40.515301 
 -45.543201 27.834900 37.066502 
 4.016630 19.589899 16.995001 
 -37.814899 -61.302700 31.501400 
 24.535299 -70.891296 31.290199 
 -56.612999 8.524730 55.465099 
 59.037498 -51.230900 -3.062610 
 -41.116001 43.608700 31.882099 
 -24.426300 50.200401 4.752750 
 -53.483501 -13.603100 43.589199 
 57.182301 -47.798302 31.490900 
 -67.213203 43.906200 14.894600 
 71.530602 -42.375702 27.562401 
 34.003899 -7.441050 47.558800 
 -16.958099 -74.870903 -29.500500 
 39.693901 -65.318901 -14.806500 
 -48.712002 15.625600 50.680599 
 37.809700 -67.533798 -17.275400 
 19.124201 -40.451199 57.444500 
 -63.449001 6.872040 50.642502 
 56.481899 -71.053902 4.632610 
 -30.078501 -9.565260 43.782799 
 -12.463800 -21.160101 -29.751801 
 60.911701 -67.665901 3.710280 
 -69.639297 -25.975700 20.888201 
 -29.180201 7.815780 -13.611000 
 0.532564 53.538601 -15.394300 
 -61.330200 -38.525902 23.987600 
 -9.704820 71.468903 -13.174500 
 50.393700 -59.154202 34.333000 
 -22.517099 -30.198200 44.648499 
 -3.870370 -27.174500 -37.638302 
 32.818901 -41.034500 53.566700 
 -32.536400 27.109800 20.615999 
 -74.802902 38.165401 24.468800 
 76.518204 -44.412102 22.501200 
 -58.525398 -1.583550 40.115101 
 43.059101 -38.783001 45.516602 
 -14.424800 -12.291700 46.311401 
 -52.134102 36.970200 -26.547199 
 -2.243270 -33.532398 56.829399 
 52.550701 -34.683498 -12.102800 
 17.618900 15.520100 33.739201 
 -2.475550 -56.742298 -30.027399 
 -24.241400 -32.357399 44.968800 
 -42.599602 -36.027100 43.238098 
 -71.302902 -21.532000 24.597500 
 6.457180 69.285103 -28.622400 
 -19.939301 -33.735600 43.655499 
 -1.594050 3.114350 -17.045799 
 -35.313000 -30.308701 45.538898 
 74.935204 -58.230000 13.788700 
 5.120960 -60.044399 -29.801500 
 -45.171299 -28.793501 -17.797300 
 15.888400 -5.814400 -20.883499 
 22.630501 -76.231796 17.442900 
 24.187599 -52.290901 54.688599 
 40.666199 2.717840 37.286201 
 -64.734299 -14.152700 34.831402 
 -31.605900 -76.620796 -11.603600 
 -15.272500 43.638901 -4.863930 
 6.900310 -51.108002 -32.693199 
 -49.909199 45.980202 27.328300 
 49.645599 -64.730797 31.617201 
 -26.731199 -71.207397 -21.884300 
 44.014801 -26.684900 47.921501 
 -14.005400 64.539200 -2.440210 
 -67.703499 -27.649200 24.214100 
 -56.724602 -4.030310 38.741501 
 6.882810 62.733200 -26.994600 
 62.615501 -59.683701 32.976700 
 -17.396400 -76.115898 26.547899 
 23.903900 16.726999 -4.955460 
 -5.896260 5.975380 -13.233700 
 -26.248899 -43.912399 42.669601 
 5.097400 -70.031799 -24.878201 
 58.213200 -59.908501 -5.219020 
 47.130600 -59.437401 38.019699 
 -28.314199 -6.425380 -19.674101 
 -71.997597 5.439460 46.906101 
 -52.552502 52.442501 -49.263302 
 26.901600 -75.447502 -11.414600 
 -23.531200 -76.236000 -11.972900 
 -40.768501 -63.495201 -1.868370 
 -15.163600 43.102299 -1.380100 
 -12.470900 15.525400 13.763000 
 63.095901 -62.271500 -2.639850 
 58.271999 -64.899696 -2.163820 
 -39.758099 39.148499 -0.048513 
 -74.086601 31.913700 28.576700 
 53.072399 -53.471199 35.208801 
 -0.152366 51.693901 -5.552130 
 -28.650700 19.098900 4.463620 
 26.938601 -31.880199 -30.828400 
 -41.393600 -50.585800 23.381800 
 -13.488100 -69.158401 53.467300 
 51.910999 -27.549900 -16.578199 
 -9.456300 -16.777300 46.714500 
 -28.119301 2.057410 -15.121900 
 -31.979700 -33.913502 45.266102 
 -39.319901 13.521700 41.481899 
 57.750500 -24.251801 -9.274910 
 76.267197 -40.770699 10.392200 
 -66.006302 -2.272550 28.694500 
 -14.813100 -72.146896 33.605000 
 -36.111900 -76.731499 22.539101 
 63.424999 -34.118198 14.091600 
 -67.965103 4.065860 48.598301 
 -20.466400 50.860401 1.952020 
 1.646520 -47.061401 55.020199 
 -71.527802 -20.928499 6.386770 
 -68.292900 -6.689450 28.204901 
 38.926300 -1.885470 -13.826000 
 -75.670799 13.369000 9.916980 
 58.373600 -62.632198 33.836300 
 15.978700 -59.007000 55.173500 
 18.445400 -14.903400 56.087601 
 -5.329490 -74.968803 -18.100500 
 3.070090 14.024800 32.694801 
 -33.055099 40.453800 13.458100 
 -58.277000 -13.650000 -12.114000 
 75.980400 -52.329498 22.639099 
 37.681999 -71.065903 42.960201 
 -57.813900 66.585098 -42.343800 
 16.963100 -75.991997 -16.801201 
 5.056380 -32.282600 -36.544899 
 37.157902 -74.434799 8.392570 
 -54.471901 43.834900 33.596802 
 44.178501 -48.233700 45.648499 
 -7.144910 -16.484400 -30.673901 
 -67.481499 26.329500 48.588501 
 27.533501 -74.898598 5.243270 
 24.710800 -76.078201 3.060650 
 -70.384697 0.125104 19.224199 
 16.511900 -71.520798 23.933800 
 -40.801102 -52.559200 17.147800 
 1.676980 -75.359596 45.363300 
 1.690710 -70.679298 41.363400 
 72.557198 -61.437801 14.645200 
 61.679699 -69.182503 8.954560 
 30.438801 -54.378799 -27.752199 
 -54.981400 -35.237801 -10.869500 
 27.956400 19.761000 2.805620 
 -30.400499 -45.900200 -12.044500 
 6.800790 18.082399 0.145465 
 -67.345497 -19.173901 -3.775990 
 26.190399 -3.795050 -18.673000 
 -10.069300 60.449799 -8.831800 
 -43.411900 -14.688700 -17.498600 
 1.299540 15.148600 -2.505950 
 1.659340 76.444702 -22.915899 
 47.006599 -28.002800 -18.478500 
 -75.109398 17.362700 33.506001 
 -38.613899 44.115501 25.326300 
 -48.582802 57.516102 -29.194401 
 -72.641197 2.797860 42.124100 
 43.924599 -75.146698 20.103399 
 -70.045502 -25.884300 13.908400 
 -29.915701 4.012230 35.839298 
 -11.767800 -60.852299 -21.652100 
 -60.626801 -40.771000 8.131460 
 28.087500 -48.491100 53.575600 
 -10.985200 -72.146599 9.348320 
 -34.949600 18.042101 -2.720340 
 -41.232700 22.870501 -4.925700 
 -53.064800 20.603300 51.393200 
 17.978399 -60.079899 53.675598 
 -4.911640 -49.981201 -32.308601 
 -48.910999 67.105103 -59.112598 
 -45.063801 44.574902 5.233940 
 -50.109501 61.105701 -38.592701 
 -22.651899 12.581400 -9.450360 
 -48.405998 63.245201 -46.753700 
 8.984190 19.806700 5.656870 
 -15.588900 -71.424500 -14.281200 
 -9.106030 -14.360000 45.196899 
 -72.732597 36.370300 11.954600 
 5.357620 53.713501 -11.996400 
 43.750198 -65.367401 38.713902 
 37.176102 16.058701 3.773980 
 -59.963299 42.778099 -6.593790 
 -48.049500 43.830299 -39.470600 
 -8.238100 -56.441898 -26.417101 
 -1.027540 74.491699 -22.608601 
 -11.995400 -36.447102 -33.074699 
 -15.370800 -41.298801 -20.589600 
 -0.717674 9.266630 36.673000 
 40.087799 -13.330900 47.983200 
 -1.720210 -27.400600 59.603699 
 -18.437700 -36.374500 -17.629299 
 11.066800 4.218700 -16.313400 
 -16.046000 -61.355202 -17.713600 
 -19.074301 -74.752403 19.379200 
 -60.568901 49.942799 -24.086599 
 -49.132801 -67.101601 -0.864311 
 64.508102 -36.787498 16.277599 
 -72.637802 29.332701 37.762600 
 -57.016399 0.757857 -6.983820 
 -49.981701 44.459599 3.966530 
 -72.750099 32.005699 32.526001 
 -7.819300 16.285299 13.507700 
 45.043098 -69.071602 32.251900 
 44.469501 -61.751301 -16.028000 
 -76.614601 10.113500 39.921700 
 -59.576199 -12.206800 38.663300 
 -42.367802 -10.973800 -17.573999 
 64.777298 -44.942501 30.307899 
 -56.739101 -45.517502 11.399800 
 -37.287498 31.174999 29.958900 
 -76.614403 20.537100 21.624100 
 -59.562801 22.305500 54.298500 
 -24.961201 -24.779499 43.939301 
 -37.631001 41.535301 28.715401 
 7.969330 10.873700 -11.138800 
 14.813600 -26.001900 -35.772900 
 10.297700 -64.280701 -28.028400 
 -5.700680 -67.884399 55.586201 
 -10.262200 -68.791901 55.432999 
 -21.423100 -76.507698 3.930120 
 -5.294330 51.985401 -13.455700 
 -32.833698 -18.644100 45.891300 
 61.979099 -16.785700 14.300200 
 -36.214699 -11.464600 -20.856701 
 22.127300 -16.663799 -30.245199 
 71.739403 -37.274601 9.801090 
 -54.905399 -75.639999 1.059480 
 41.391201 -71.482201 34.010201 
 -49.366501 -74.408600 39.812302 
 71.182503 -62.260601 20.256800 
 52.855301 -56.326302 -4.876050 
 66.408600 -65.090599 4.560710 
 74.478600 -42.350800 4.485680 
 -18.213499 -75.693001 36.240898 
 10.354900 -54.785900 55.065201 
 46.342300 -9.678610 41.813900 
 -21.654499 -74.501999 12.002500 
 -56.009899 -43.123501 24.277800 
 6.569710 1.048590 43.864498 
 70.800201 -36.202999 16.651199 
 -39.640400 -15.460000 -20.316000 
 32.230900 9.502600 36.484001 
 30.374701 -39.702801 -29.962099 
 62.820999 -31.509399 22.232201 
 -15.184200 54.687901 -3.487800 
 41.342800 -75.418602 18.713301 
 4.334080 -7.581160 -22.584700 
 44.437199 8.715970 -1.651640 
 31.449400 -1.521320 42.285702 
 0.384484 -14.083900 53.840000 
 -49.139599 38.333900 -29.403400 
 -36.235001 27.959801 0.731353 
 -28.356001 -30.903500 43.656399 
 -11.620500 -72.359802 24.596500 
 3.762070 -42.358002 55.384499 
 32.545399 2.368830 -15.204800 
 -24.806200 17.424801 18.230200 
 -20.474701 -76.521004 6.106470 
 52.407001 -72.216499 21.986300 
 2.961250 59.030899 -14.896200 
 -40.095501 -16.642500 46.951599 
 -35.493401 -54.945400 27.212999 
 39.300598 -67.600098 -9.472010 
 -68.551804 37.938702 35.720402 
 -75.921097 7.428190 34.827202 
 -38.341801 -3.609100 42.029499 
 -49.849701 41.985600 -43.641399 
 -69.881203 -5.365800 8.518650 
 30.482100 -21.429501 -28.835400 
 -45.558102 57.218399 -45.434898 
 33.239399 -75.992599 3.620140 
 -44.074699 62.759800 -60.705799 
 -59.851898 35.632401 -3.251750 
 -19.511000 -46.629902 42.975201 
 37.964401 -45.142399 48.758400 
 -69.493301 14.450300 49.876598 
 -41.672699 -76.847801 -5.112720 
 -46.021500 50.503899 -45.567299 
 -61.605598 -34.509399 30.592300 
 23.358700 -19.812500 56.398899 
 33.650799 -24.060600 52.334499 
 -5.665900 -72.668800 -16.870701 
 -15.699700 -27.959200 -28.066000 
 46.262501 -25.170200 44.715900 
 36.516701 -25.639799 -25.804100 
 -67.010201 -0.503062 4.766050 
 -32.536301 31.463200 11.750900 
 -15.516500 11.783400 -5.711320 
 -28.126200 -14.755400 44.672600 
 -27.082399 52.385700 -8.386580 
 13.416500 -58.841702 -29.775700 
 -71.793602 -6.962390 13.342300 
 -63.326302 -18.485100 35.993698 
 -42.171200 -61.904301 6.731150 
 -69.187103 -30.513500 10.471400 
 -28.666700 -76.328201 29.350000 
 -65.080597 -34.934399 18.872801 
 22.597500 -71.708397 -10.551400 
 -61.097500 61.827702 -37.114201 
 -11.707600 14.685700 19.621300 
 -55.881802 53.879501 -13.107900 
 -14.357300 -75.464600 -18.752199 
 11.466600 -48.028198 -34.028301 
 18.511200 -55.173401 55.322899 
 21.912300 10.527900 37.535301 
 19.366899 -61.826302 -28.434799 
 -1.226170 77.072899 -15.752200 
 10.659400 0.656552 -20.704901 
 -25.628599 19.058300 10.704100 
 -24.146200 -23.378099 -19.857700 
 -59.153099 37.827499 -8.659680 
 -45.201698 43.344898 -12.950800 
 -20.855700 -76.500603 10.362300 
 21.240700 -55.905399 -28.923901 
 58.688301 -19.368401 -6.766690 
 -30.171801 -35.797600 -15.338000 
 38.965801 -70.415802 -4.901480 
 -31.917900 -18.118999 -20.093399 
 22.587999 -63.172001 51.458401 
 29.991100 -71.162697 -20.992100 
 -75.674400 3.994350 15.158100 
 -54.217899 -30.290600 41.346100 
 23.014999 -42.272301 -30.939501 
 48.523998 -42.508701 42.429501 
 25.949900 15.932700 32.640701 
 -44.314899 45.844200 22.630199 
 -65.229202 15.339000 53.547100 
 6.589100 -3.561940 -21.094999 
 56.225101 -2.934290 20.885401 
 -5.086190 -44.521000 -34.493000 
 -44.554600 -20.691401 47.314201 
 -39.876499 -64.026802 44.893700 
 -3.513010 -73.912598 55.125900 
 -49.740101 -71.567802 37.862900 
 -69.274498 0.630203 39.518700 
 -32.177101 34.881199 10.711000 
 77.985199 -43.946499 16.382700 
 -19.325001 17.797501 9.174040 
 24.209400 8.385150 -14.042900 
 -16.915701 -7.308610 -20.358000 
 -35.273602 41.244099 16.357201 
 77.227203 -51.217602 17.695999 
 -30.031300 -37.030300 43.339199 
 -27.531000 36.515202 1.191920 
 35.244999 -39.268002 -27.710699 
 50.313599 5.855150 4.361670 
 -16.354799 48.943802 4.459010 
 -51.279301 -49.831799 14.910300 
 30.563499 19.900999 11.176600 
 -19.638700 0.675660 37.607700 
 49.342602 -70.963402 -0.286307 
 -60.394100 42.528599 35.264400 
 -47.684898 -66.441498 35.234901 
 71.291901 -59.582401 3.564720 
 27.676800 -8.365700 49.370998 
 -33.812901 -0.627059 -17.464500 
 35.925701 -34.347401 53.725101 
 20.404600 -73.464203 -22.935200 
 -46.692299 58.771999 -59.885601 
 34.036499 -49.027500 50.768200 
 -31.186300 -23.530199 47.348400 
 26.411600 -25.471800 57.144901 
 -1.333770 66.496399 -22.586700 
 -64.568100 -2.746980 -1.690040 
 -44.591900 48.630402 -23.077801 
 -52.362801 28.032200 48.532902 
 -7.908550 -62.576698 -24.979799 
 24.646000 -29.565399 56.953201 
 -40.730999 46.538502 10.911900 
 44.139801 -32.401600 47.452000 
 -61.132702 48.484100 -15.434900 
 -1.761390 57.247700 -18.001900 
 -75.256599 31.521999 18.286800 
 56.426102 -11.564600 30.627001 
 -35.882401 -75.837898 29.233700 
 -6.966620 -61.909401 51.726200 
 30.615299 -75.312500 -18.236300 
 -64.262001 44.216400 26.703199 
 6.641510 -57.099499 -32.061298 
 20.617001 -34.999802 -33.346500 
 29.004200 -34.890301 -29.383400 
 -57.636501 -37.713200 -6.094490 
 -50.686699 -16.785500 44.002399 
 -15.175400 -74.142601 52.327400 
 -75.703201 12.041900 30.987801 
 -57.426998 45.643299 26.761000 
 -14.772000 66.983597 -2.468000 
 -34.339298 -54.356201 16.728901 
 2.773140 -66.347900 -25.235201 
 50.190399 1.372830 -4.285750 
 -54.938000 -46.981899 19.462099 
 -50.862000 -7.315730 -13.685200 
 -36.374298 45.960899 12.734300 
 -37.098301 -14.085500 44.984299 
 -32.994099 -40.602501 -12.829700 
 63.018200 -36.632000 20.930901 
 20.863800 21.584200 18.493000 
 -69.133904 38.895199 8.395370 
 -16.017099 -58.911098 -8.601480 
 -64.837196 20.569401 53.857101 
 -68.126999 -25.382601 -1.180650 
 -56.790798 -14.747400 42.000999 
 -41.077999 -22.992300 -19.665001 
 -45.840698 41.409500 -27.386600 
 -69.239998 9.090980 50.392700 
 -40.227200 29.423599 -3.262080 
 -74.440300 22.323999 9.909760 
 12.782000 -55.057400 -30.682600 
 -38.848400 -30.252899 46.272400 
 -50.496101 -65.358803 8.964120 
 7.791480 -25.003599 -36.569000 
 8.669300 19.035500 26.579000 
 -56.223099 50.875702 -35.490101 
 -72.519302 26.741199 13.310300 
 -49.437901 44.235600 -1.107680 
 -40.677502 -23.156799 45.848801 
 -2.923410 -59.844101 47.547298 
 -39.349701 4.797440 37.398102 
 29.905300 -49.792900 -27.637501 
 63.451900 -38.784100 21.818701 
 -73.683701 5.998620 29.087000 
 -22.996700 -57.805401 -9.344430 
 24.129499 -11.757500 50.485401 
 -13.190500 -58.491501 -15.399700 
 -30.462999 -69.386299 -10.421100 
 58.651199 -7.520900 3.288410 
 13.827900 -21.904400 -34.421001 
 -50.220600 -76.785896 1.426080 
 0.469672 61.777802 -15.372100 
 -73.047997 22.856600 35.080399 
 13.854600 -18.598700 -33.704601 
 -1.777110 -75.364700 46.670200 
 7.763110 57.924099 -18.418800 
 -26.081400 -58.464901 40.645401 
 27.656401 -73.888802 -21.172701 
 -46.546299 -33.871300 42.824799 
 -6.558370 -14.298700 46.502499 
 -58.889301 40.997101 -7.792360 
 -47.605301 -74.954803 25.320200 
 -15.946600 -45.285301 -16.215099 
 -18.430799 -32.342800 -18.037300 
 -32.480202 33.116600 6.361930 
 49.613602 -38.364300 -16.434700 
 -11.282200 -30.129499 48.403301 
 -6.065670 9.561880 -9.964860 
 -38.211700 -40.808300 -13.070200 
 -69.404701 28.615101 4.589440 
 -40.482601 23.056400 37.890099 
 -58.265598 44.755199 3.552750 
 45.302200 -2.912880 -11.829400 
 -58.334202 57.363899 -22.633301 
 -53.417500 -46.428001 4.234060 
 -59.936100 -15.635900 -11.461200 
 -32.673302 15.575300 33.695900 
 48.636902 -48.206299 -17.121300 
 18.394501 -71.816704 -12.206400 
 -31.082701 45.640701 -5.472420 
 56.277000 -44.476101 35.171700 
 -71.675903 -12.358400 7.852760 
 -49.051899 3.544360 -9.944570 
 45.919300 -15.833500 44.710098 
 -26.205299 -65.896301 -15.197000 
 -62.905300 30.058701 -2.743660 
 -22.212099 -68.227798 43.085400 
 -24.471300 -75.977501 -1.723360 
 -45.353500 -74.257599 20.982800 
 1.555980 -5.499360 -21.188499 
 -10.607500 -29.723400 -35.185799 
 -41.056801 38.253700 34.407799 
 22.715900 -60.610901 -27.149900 
 -44.518600 -0.414823 39.219601 
 -28.578400 60.100700 -1.605820 
 28.023701 20.486401 20.123501 
 -29.657499 43.290199 10.776700 
 -28.974100 -75.621902 32.938801 
 -36.437199 34.817699 0.607070 
 -34.115299 33.427399 2.460980 
 -23.228701 6.605310 -13.155000 
 0.754723 -66.837303 53.376999 
 41.104301 -58.186298 42.421299 
 -18.496500 -36.245602 43.611401 
 -39.155399 -28.881399 -19.982800 
 -15.505600 65.033798 -12.987600 
 -70.605400 16.934500 0.746163 
 -66.664299 -29.308300 30.382999 
 -26.422400 -48.749599 -11.179600 
 -1.325480 48.570301 -7.116220 
 17.816799 7.863740 40.961399 
 -30.555201 -73.572601 47.211700 
 49.013901 -58.025398 -8.062960 
 -38.074799 30.959801 -0.590538 
 46.978699 1.508870 -7.962790 
 -30.402399 38.378399 -2.097120 
 -39.378799 -9.189170 44.640400 
 -16.049801 -76.408600 -20.934900 
 -32.803600 -56.956699 16.978800 
 -72.416298 18.325100 45.951900 
 -29.585501 -55.241100 39.366600 
 -26.430000 -38.712101 -16.495899 
 -28.898100 48.739300 9.021350 
 -43.803200 -76.644096 5.701130 
 -18.125000 -66.577400 47.910099 
 -37.608700 -74.276604 48.324100 
 -24.247999 -17.586800 -21.661501 
 -65.107597 -32.883900 1.110830 
 -64.006699 -38.315102 17.614500 
 28.225500 -65.328796 46.016499 
 -26.745199 18.174200 18.118700 
 -65.958504 -33.799702 13.254600 
 74.888397 -40.123299 21.620600 
 -24.714899 58.301800 4.592550 
 34.872398 15.210700 28.136900 
 -35.382900 -24.551201 -20.006901 
 28.339600 9.230050 -12.982100 
 -61.872700 45.576302 19.032700 
 35.352901 -19.460600 49.601200 
 -61.470600 39.001099 -0.888690 
 2.348890 -29.305799 -37.848400 
 -7.734190 -14.332400 -23.507900 
 -11.040500 -72.863098 55.985699 
 -49.416901 -11.402400 -14.826600 
 13.497100 -75.389198 42.639500 
 -14.332600 -33.375401 -31.372499 
 46.716599 -42.912102 -18.075199 
 -72.175598 15.417600 4.810400 
 5.562280 -75.263397 44.472401 
 -43.081902 35.402599 38.428200 
 9.227560 -49.279800 57.893600 
 11.958900 -12.738400 -28.591101 
 -19.845200 -64.845596 -24.239799 
 -45.286900 2.837370 37.972099 
 -8.256000 -45.338501 -31.363701 
 -61.873402 60.774502 -41.780899 
 26.261801 -75.324402 19.507900 
 -37.896198 2.452810 37.243999 
 -52.035599 -76.286598 -4.168390 
 -54.674500 39.343899 -39.979401 
 -46.122700 40.870399 -1.444260 
 6.934940 -75.252502 -23.357100 
 54.519402 -69.025101 -1.115120 
 -59.391201 40.289299 -16.648100 
 -25.150499 44.685600 8.448280 
 -33.392200 -36.992500 -14.442300 
 23.138901 -66.475197 47.036701 
 -68.612801 2.177120 30.778200 
 78.001198 -49.204601 11.676900 
 -34.729099 8.403090 -12.543800 
 -64.419998 11.558700 51.002499 
 -46.495602 57.056400 -38.903400 
 -45.450199 42.816299 35.658199 
 -49.374802 -75.427902 33.108200 
 -32.493099 20.107700 32.053101 
 -34.544701 37.810600 17.067600 
 58.107399 -45.022202 -2.992120 
 -6.122310 1.313080 40.856800 
 -71.083504 30.692699 40.834202 
 -15.473100 -71.885696 0.969729 
 -19.990000 -71.904099 -9.989830 
 63.624802 -55.003700 33.728199 
 -52.376202 71.254204 -52.986000 
 0.794178 -71.941597 16.777901 
 -41.993999 6.807510 -11.425300 
 43.087502 -35.531399 -23.057501 
 9.217030 13.917100 35.083599 
 -33.193501 -58.445301 -6.760960 
 56.562099 -69.237999 25.917200 
 -13.330300 -76.637100 -27.895100 
 17.068001 -30.797400 -34.031799 
 -44.475101 12.547000 44.242100 
 -44.635201 -65.945000 43.671200 
 33.677502 -62.376202 44.490700 
 -4.121380 47.627899 -4.468100 
 -75.632202 12.296200 44.536499 
 14.998700 -9.986670 -21.817400 
 36.786400 -3.665170 -15.144700 
 -57.856701 -25.479500 -13.701000 
 -34.154301 -48.561901 34.041901 
 -39.054699 -34.329601 -17.505699 
 -57.044201 -43.376499 3.447490 
 -19.797001 50.088402 -11.481600 
 -50.301498 50.070301 -55.780602 
 -9.869640 -76.721603 -24.637199 
 -59.955200 43.754501 -0.010002 
 17.185699 -33.952999 59.818901 
 -55.128502 1.112300 47.822601 
 32.574402 3.097100 39.690300 
 -9.015460 -50.168098 -29.204000 
 -53.870602 -76.243698 7.603490 
 -27.769800 -76.621399 -21.818800 
 -59.376701 46.202999 -4.757150 
 -23.246599 -60.529202 -9.795260 
 -2.295310 65.190498 -14.926400 
 40.901901 -6.620160 43.150700 
 -0.476787 -12.002800 -23.069700 
 -37.813999 -4.057010 -17.159100 
 -36.830200 -66.765503 20.707701 
 42.843102 8.563310 31.160500 
 8.578450 64.398499 -26.082100 
 -22.867300 9.027970 32.142700 
 23.026100 4.838600 41.582600 
 -17.313601 -3.603520 -18.434000 
 -77.253799 9.747360 25.968599 
 44.133598 -13.961800 -18.163500 
 41.182999 -22.002501 49.562599 
 -43.900799 -76.158501 20.917500 
 -48.085098 -69.805099 28.424601 
 32.623100 -13.903500 49.689999 
 13.099100 -66.974098 -23.921000 
 14.536500 -41.259102 58.234501 
 66.351898 -64.706001 24.549999 
 -26.629601 -40.419701 43.384300 
 57.803600 -4.524940 8.295230 
 1.155430 -36.178200 -37.443501 
 7.749130 -45.924702 -34.323002 
 55.275398 -3.859890 27.554800 
 -10.039500 -61.870899 50.812199 
 2.408130 -10.403100 -22.108601 
 -36.883099 -25.015200 47.095402 
 8.625200 -41.775902 57.333401 
 55.156399 -18.808901 36.610401 
 34.614399 -67.226402 45.762501 
 46.232300 3.357100 34.072300 
 13.000600 7.369720 -13.817000 
 47.469799 -34.275200 45.001598 
 -36.145802 -76.420403 26.490200 
 3.206560 51.548302 -10.805900 
 -52.075500 65.410103 -55.207901 
 -33.851002 -56.547901 34.148499 
 -56.792500 -36.071201 36.157799 
 38.089901 -75.230301 0.565846 
 13.988100 -0.472431 44.793499 
 -40.014599 -59.539101 0.266163 
 19.865400 6.039610 -17.174801 
 -71.869904 -8.203520 20.504900 
 -56.040401 -74.457199 9.474740 
 -58.783199 26.900101 -4.824220 
 -7.613250 8.964940 33.165199 
 -20.912201 -27.491699 45.810398 
 -7.785110 -30.556601 55.621101 
 15.659600 3.460010 43.569401 
 55.159698 -48.861401 -8.117440 
 -2.736930 76.513901 -18.517500 
 17.623699 -51.963501 56.239300 
 -60.561401 -2.037000 36.492802 
 -56.251900 66.197502 -51.886600 
 -26.807400 12.782900 26.406799 
 3.825420 9.809500 38.063202 
 -12.006000 52.530399 -2.539840 
 -22.402300 -74.121696 44.125900 
 -13.893700 13.716600 -0.247316 
 21.176001 -24.635099 59.073700 
 36.380501 -66.568199 -20.465300 
 -38.896702 27.701700 33.133701 
 -51.800800 29.179199 -6.520490 
 -55.137901 -22.061899 43.098701 
 -20.738899 58.573502 3.567120 
 -13.196400 49.960800 -12.317700 
 12.572200 -36.260502 60.948101 
 -46.532501 43.325001 -7.556140 
 -35.738701 27.596600 28.138300 
 -50.343800 -73.277603 32.876499 
 -29.804701 -24.970900 -20.345100 
 -65.013603 -33.342602 24.901899 
 -72.921402 2.564000 36.400398 
 -54.942299 42.195202 -42.736900 
 15.249000 -75.156097 41.030998 
 38.160500 -42.693600 -26.294800 
 13.007000 -8.871320 45.420601 
 -61.557800 5.992390 52.031502 
 29.527599 -75.331596 32.865601 
 -13.183000 -23.772100 45.353298 
 -0.586404 -47.777699 53.724300 
 -57.427101 43.296700 -24.279800 
 -48.588902 38.373100 40.153999 
 -23.271900 1.903830 37.726398 
 -47.044102 -73.639397 44.161900 
 -20.936501 13.219100 28.286900 
 -66.442299 37.451900 4.965010 
 20.317801 21.512400 8.161590 
 -29.563801 -0.941676 40.454601 
 73.937103 -50.747601 2.802950 
 28.472200 -43.769798 55.719898 
 -36.850101 -76.101700 -10.927500 
 16.244600 -40.902699 -32.546799 
 62.966702 -33.776699 5.408320 
 37.108799 -62.869202 -19.708799 
 39.230801 -73.765999 15.982600 
 -35.989300 -65.796204 46.409000 
 56.902901 -9.480850 -3.231420 
 -29.463900 -30.732300 -18.014200 
 61.232498 -43.218899 2.136560 
 -44.922501 -71.438004 25.254000 
 59.224998 -46.821400 -0.764905 
 -47.471001 69.891602 -56.277100 
 -33.348900 28.143801 4.403290 
 69.464600 -56.664700 29.149000 
 74.589798 -57.218201 22.708599 
 63.306900 -51.132999 33.546101 
 -4.027570 -70.957497 40.486900 
 26.303900 11.929200 -11.149600 
 17.081400 -75.390297 18.062599 
 -46.396099 -66.264099 30.531401 
 -5.522660 -40.339199 -36.360699 
 49.409302 -65.807098 -3.965760 
 -11.216000 -38.062801 42.116600 
 -20.654800 -0.272726 -17.872200 
 -15.014000 -75.613197 42.238701 
 60.243500 -40.007500 27.873800 
 -31.916100 20.685900 1.094350 
 -47.268902 36.243301 -16.044399 
 59.879002 -28.623400 -3.290760 
 -29.032400 -1.591390 -17.316500 
 -62.105301 55.581501 -33.366600 
 61.497398 -21.035000 24.235800 
 -45.015499 41.716801 1.679520 
 -49.730999 -69.765900 -4.352070 
 18.139500 -20.862400 57.744801 
 20.318199 -48.034199 58.483200 
 -52.167500 65.250801 -44.678799 
 -64.889198 1.064540 1.577940 
 -4.731290 49.493500 -10.710100 
 -62.753601 -27.717600 36.041599 
 -35.589001 34.412498 19.559200 
 23.564800 -76.060898 -19.143299 
 -28.384501 -76.633301 -16.620600 
 -57.781502 3.309500 51.827599 
 28.554800 -61.883202 -25.681000 
 38.179100 11.333400 33.144299 
 -14.022900 -76.057503 12.522500 
 -58.832500 -40.025501 1.691810 
 -7.684910 14.865000 20.772800 
 -42.630501 -51.421700 7.374320 
 -5.265380 75.675201 -13.424600 
 58.714600 -57.483398 34.237301 
 -6.792330 -25.398399 56.842800 
 -55.873501 -8.321470 39.920200 
 54.248901 -24.200600 -14.477900 
 -39.504501 -60.933300 11.122500 
 12.135000 -2.907090 45.856602 
 14.670700 -70.851303 36.808899 
 -74.590797 35.995701 17.800400 
 13.111900 -71.854599 15.713800 
 59.855999 -34.994598 -2.871910 
 -13.927700 8.826930 30.890900 
 29.029100 -28.097500 55.215302 
 -77.620697 10.165600 17.960800 
 -51.155399 59.028198 -26.929701 
 -58.907299 -32.150501 36.415199 
 -61.101398 -7.869180 -7.662960 
 -69.477203 -2.892180 19.382500 
 -27.683500 -76.498802 -0.307575 
 41.401501 -52.104599 46.129101 
 -45.285702 53.037601 -39.276600 
 39.313801 -20.109600 -22.425200 
 -57.161800 62.680000 -34.787899 
 -61.528702 -29.269800 -7.017520 
 57.245899 -37.945400 33.714199 
 26.865700 -41.880299 -29.361200 
 -19.348801 -75.024399 24.103001 
 -74.964401 3.919480 20.862200 
 -13.166800 -8.101340 44.298901 
 -15.407500 -58.574501 38.927502 
 30.429399 -7.990800 -20.732000 
 -41.455700 -63.328602 11.704000 
 39.352798 -59.349701 -22.197201 
 -44.427200 -3.722700 -15.808500 
 18.366600 -45.893299 -32.868301 
 -12.957600 -45.407398 -26.081301 
 19.960699 -70.515701 36.328400 
 -74.209198 28.431000 20.924000 
 -29.853600 -76.678200 6.789070 
 -39.638302 8.318810 40.028999 
 59.050598 -56.176201 -5.427180 
 10.974100 -15.017500 56.593800 
 38.567600 -22.752899 50.597000 
 -62.514198 28.757401 50.389400 
 10.017400 -63.979500 48.747002 
 -19.361099 65.823997 -3.640390 
 -23.756701 -26.523899 -19.545000 
 -10.058700 -5.628480 -21.812099 
 -9.454910 -20.760500 -33.149799 
 -13.507500 -39.279099 41.154598 
 -69.094299 20.431101 50.649601 
 -46.900501 32.942902 40.169998 
 -48.058701 18.178400 -7.266550 
 41.653301 -70.769203 -2.652030 
 25.701500 -59.640202 52.785000 
 29.657499 -13.747600 -23.277201 
 -23.754200 -14.727900 43.830898 
 -12.423300 -75.464798 44.401798 
 -56.696400 32.491600 -5.568950 
 68.293198 -48.955399 31.613400 
 -54.139301 56.313400 -17.620701 
 -49.284302 -35.164200 -15.003500 
 51.063000 -74.567497 12.679100 
 27.496401 -75.643898 -6.617830 
 14.967300 -15.305800 -31.408701 
 -29.212900 11.820100 27.638901 
 -6.763700 -75.320099 45.398102 
 -41.631401 -69.903000 21.310301 
 24.635500 -38.997200 -31.996099 
 19.927000 -74.512299 47.630699 
 -52.596600 31.920099 -7.727790 
 48.887001 -5.555410 36.668400 
 -50.575699 22.268000 47.466999 
 44.249100 11.726800 7.968810 
 -31.885799 24.314699 5.457610 
 -52.030201 -0.521539 39.188202 
 15.182300 2.024440 -18.191601 
 -45.644100 50.589699 -20.391199 
 44.823700 -58.629501 -18.228201 
 -70.855003 -24.663500 6.071690 
 -58.708801 16.380699 54.637001 
 21.572901 -58.152302 55.011902 
 -69.291397 32.524601 9.644620 
 -56.138401 47.478699 -1.943540 
 -11.789900 12.147500 24.601999 
 -59.574699 9.572390 -5.737690 
 2.906070 -9.753660 45.401798 
 52.274700 -51.104401 -10.849900 
 -54.019699 45.349201 6.321790 
 63.631500 -68.070602 19.031900 
 15.778000 -56.765701 56.599499 
 51.946800 -60.145699 32.962799 
 -6.181210 48.575100 -0.933443 
 -50.228901 3.250320 48.529202 
 -70.664597 20.555099 2.900000 
 -16.356400 57.715000 -3.279400 
 -34.781200 -45.525398 36.435101 
 -17.137501 -76.520699 14.895900 
 -15.798600 6.940390 33.521198 
 -60.557201 45.213001 -15.376400 
 11.070300 -32.028999 -36.119701 
 69.461601 -56.367599 -0.756770 
 -14.308400 -50.621300 -16.733700 
 24.898399 -55.721401 -29.132401 
 -10.948400 -46.361698 39.129902 
 -46.876099 3.564790 41.123798 
 -8.089300 -9.889460 46.128799 
 -11.896200 -16.579300 -23.052299 
 50.072102 6.050670 23.749500 
 -56.855099 46.277699 18.601601 
 38.245602 -55.701900 -25.583401 
 -9.485710 15.079400 4.380040 
 -51.307598 -65.592003 4.850180 
 51.809101 0.306531 29.059700 
 -46.750999 23.953800 40.320499 
 -62.439301 -26.379200 -8.250340 
 -74.600700 34.004101 23.895700 
 -13.809300 -67.865997 -28.378099 
 -26.559500 -72.766899 -24.718700 
 -34.139900 42.845901 -3.043240 
 9.864200 -32.127899 59.453800 
 40.628399 14.698500 20.580999 
 -27.235100 -62.616299 41.698601 
 -44.469799 47.033199 -28.429399 
 -26.429100 -32.926998 -17.572599 
 -23.578600 -49.846500 -10.391300 
 -40.381302 -58.009300 5.024090 
 -32.701900 -53.207401 35.671101 
 -53.201801 -74.881104 13.002300 
 51.563099 -19.564100 -15.696100 
 48.519600 -55.109501 -12.315600 
 -0.693354 6.190560 -14.447600 
 39.885502 14.269600 25.599701 
 38.741001 -72.426003 40.125000 
 3.611660 -59.031898 51.710201 
 28.169901 -54.732601 54.070499 
 -18.245899 8.356670 -10.349300 
 35.276798 -20.718201 -24.891399 
 -35.608601 -59.046501 31.630699 
 50.376400 -59.328400 -5.336370 
 42.458099 -50.572899 -22.452000 
 -17.190701 17.017799 15.588600 
 -57.675201 44.686501 -19.281200 
 21.584700 -5.413500 43.837502 
 -21.391199 16.621300 21.060400 
 -38.514999 50.793701 5.477850 
 -68.181000 43.660099 21.388000 
 -44.590698 8.100510 42.363098 
 -29.988100 57.081501 3.932790 
 -72.956703 -20.063299 14.056200 
 67.572800 -65.901604 13.434500 
 -60.707600 68.447899 -48.277401 
 -61.305401 0.000175 45.860001 
 -18.636801 -67.588303 -27.538401 
 -77.958801 15.575000 23.233200 
 -25.528900 -67.553001 44.451401 
 -69.273903 -17.624001 3.620530 
 55.823200 -52.741600 32.618900 
 7.506090 -41.366299 -34.657299 
 20.434401 2.396970 -18.829300 
 -43.876999 59.275902 -59.125599 
 -21.078800 -71.813400 -5.904880 
 20.039600 -25.761700 -32.806198 
 -52.421501 13.847200 54.563599 
 25.144600 -75.561699 38.199299 
 55.466202 -52.271400 -3.834500 
 -26.876600 56.462200 -7.849660 
 -54.389198 48.383499 -40.956799 
 -10.184500 -75.209900 53.818501 
 -31.630899 -64.907898 -8.528700 
 5.056370 -37.629002 57.573601 
 -35.548901 6.360750 34.886600 
 -17.983601 46.219601 4.461710 
 51.778999 -15.039500 39.823898 
 21.246401 -75.675201 23.291100 
 3.115040 -54.712700 -32.357498 
 -41.326599 45.531700 14.961900 
 -19.071899 -25.511801 -20.994699 
 -64.196999 25.021099 -1.704040 
 -61.876598 -40.913300 16.101500 
 42.490700 -74.780800 3.011520 
 -36.628502 -62.795898 26.166800 
 41.858002 -27.275400 -23.085899 
 37.119202 -57.245899 47.793999 
 -68.501602 40.671200 31.541700 
 18.617100 -75.422997 4.927870 
 50.248699 -21.928600 43.829498 
 -23.333799 -64.551598 -20.684900 
 -16.028601 57.905102 -14.356500 
 -47.369202 -15.808300 -17.147400 
 24.825800 21.464300 13.391800 
 -61.635300 43.192501 4.313390 
 39.104599 -61.698700 41.796200 
 -8.210720 -22.274200 53.453899 
 31.790100 -73.924103 45.556499 
 -25.015499 -76.145599 -4.087110 
 -5.521600 -36.479000 -37.414001 
 -46.002701 -65.050903 39.705002 
 -20.519800 17.374800 1.831800 
 28.194500 -75.164497 29.790400 
 -33.632599 34.772499 13.402000 
 49.761902 -26.821899 43.572399 
 22.644600 -49.970001 -29.219200 
 -51.208401 52.237400 -11.694500 
 32.808800 -58.653999 -25.072901 
 -65.966599 -34.240799 3.608760 
 34.679798 17.909901 18.934299 
 -40.030300 44.604900 0.909985 
 -51.027401 7.625400 53.960701 
 61.807499 -31.448799 0.530039 
 20.094000 -75.093300 -21.711800 
 -9.201300 64.141602 -17.493200 
 -74.310799 40.324200 16.194901 
 -37.065899 -54.052799 12.896300 
 -49.026901 -66.986702 12.231900 
 17.190500 -68.434998 47.964100 
 -48.529499 -26.305201 -17.521900 
 -18.216400 -29.497299 -21.164101 
 -27.215500 -5.302860 43.104801 
 -36.637199 -70.533897 48.880299 
 44.783600 -5.728240 39.775101 
 -48.933498 31.104200 -6.159970 
 -59.598099 3.424790 -3.490600 
 -67.367500 -10.122400 -2.077910 
 -38.884300 -53.090698 12.689300 
 -13.086400 -76.047501 17.973499 
 23.198601 -20.794600 -31.305300 
 20.500200 0.767471 43.798401 
 52.756001 -26.545799 39.652100 
 61.469299 -42.785500 27.401600 
 51.664398 -14.858400 -11.566100 
 30.976200 -46.632000 -28.385401 
 -51.469002 -73.433502 -4.784440 
 -44.969299 17.129499 43.448101 
 39.188099 15.859400 12.735500 
 -10.723400 -56.982601 37.991901 
 -52.965900 -41.529301 -3.757130 
 -56.820702 58.440701 -42.711498 
 -45.140499 54.582100 -51.854599 
 -17.249500 61.397099 -13.341400 
 -9.552100 56.516998 -15.969000 
 -53.423302 3.351370 51.612301 
 1.271140 -45.241901 -36.212700 
 49.103699 -31.838800 -18.039900 
 -15.229800 -60.923599 43.985802 
 -46.640301 -44.655102 -5.621880 
 -35.394001 -7.635110 42.971100 
 -75.263702 8.009340 10.053400 
 -15.566900 -52.044899 -10.494200 
 35.959099 -75.114799 34.992001 
 -51.529701 -15.301600 -14.760500 
 -45.841000 1.302660 -13.095500 
 27.389200 1.918600 -17.407801 
 -37.648499 -76.676697 11.454100 
 -24.714701 -62.922501 -11.304100 
 -65.034698 -24.640100 -4.611510 
 3.986230 2.458580 -16.791201 
 -19.149500 -17.860701 46.210499 
 30.949301 14.894200 -3.778190 
 25.614700 12.516900 36.614201 
 -59.077202 51.496601 -12.286900 
 -62.015999 12.645100 53.051399 
 -56.646702 70.018997 -48.727001 
 -37.632198 -45.606899 -7.415100 
 -48.046600 -3.260990 -13.001700 
 -0.702223 -0.106129 42.699501 
 3.673770 68.637100 -27.311600 
 3.487070 52.308899 -13.622500 
 9.349540 7.902760 40.321899 
 55.466599 -41.604900 -10.886100 
 -71.167801 36.555199 32.660400 
 58.917599 -38.887901 -5.016700 
 -43.728901 -40.594898 -12.942300 
 -45.956100 48.321899 -39.379200 
 -71.554497 -17.260000 8.963000 
 47.220699 -48.044899 42.781601 
 -53.406300 -69.835403 1.341010 
 -75.737099 6.781140 42.269001 
 19.286100 -2.274930 -18.668200 
 -10.226900 -53.223900 -25.461300 
 16.853901 -71.820198 3.104710 
 -73.476997 21.332399 40.695900 
 -22.322201 -50.689899 42.303001 
 30.263399 -18.840500 -27.854000 
 -58.709099 -42.968899 17.431999 
 -16.778299 3.358740 -15.712300 
 -50.329800 -72.242302 15.893300 
 -16.590000 -25.613300 -24.149200 
 -28.839500 20.677500 22.588400 
 -52.895901 44.593601 -49.292500 
 15.033700 11.836100 37.939701 
 -44.238701 -49.631401 0.438290 
 -19.197901 -75.523102 -16.156000 
 -45.547100 36.569599 -5.107650 
 -18.003599 -10.662600 44.299198 
 -17.794800 -53.659100 -8.933900 
 21.387400 -13.667400 -27.410700 
 2.079720 11.978300 -6.335130 
 -71.508904 41.913300 23.322201 
 7.492400 -10.554800 50.916000 
 -6.732580 69.712502 -18.450899 
 2.808700 54.676800 -10.850500 
 -11.412800 6.999670 -12.254000 
 -4.193840 -64.273102 -26.012899 
 70.857002 -50.323898 -1.155290 
 40.893700 -66.836502 41.554501 
 -65.618401 -13.887200 -4.504030 
 -6.939290 -47.526001 44.091801 
 6.253160 -71.815201 24.032200 
 37.829399 -73.823700 19.203899 
 -5.350140 -37.241600 53.048000 
 -75.776604 15.298400 41.235100 
 -39.938301 -76.030296 28.317699 
 76.493896 -49.454601 6.452670 
 -19.368799 -63.649101 42.050499 
 23.902300 -45.441601 -30.913099 
 -54.309101 61.502399 -49.896000 
 12.268600 20.974199 12.484800 
 -45.366901 60.302502 -50.404301 
 44.071201 -1.751670 39.242901 
 -32.719799 11.268500 34.085098 
 67.316200 -49.682400 -2.896540 
 13.419400 -71.609299 9.289790 
 7.152310 57.027500 -21.299101 
 -44.855900 -76.421097 -7.975350 
 -74.233002 24.488001 20.540800 
 31.647800 -31.490299 -28.855499 
 -55.842602 -74.573700 2.667680 
 -62.323799 17.201900 -4.617470 
 -16.436701 -14.850600 46.105499 
 -16.564899 -75.072899 31.784201 
 55.314400 -0.651311 12.772900 
 -49.530899 43.997002 -49.023701 
 6.335150 -75.519501 48.839199 
 -35.908901 23.271500 -2.221560 
 -7.682760 12.307700 -4.997370 
 41.455200 -45.476101 -22.127100 
 -73.110802 -12.243400 15.871700 
 -30.884600 -46.345699 38.432999 
 -69.688599 -30.319700 18.337999 
 32.478401 -75.321297 42.718300 
 -40.205601 19.072201 39.853699 
 0.459857 -56.171001 52.033798 
 -21.544300 -57.172199 40.762901 
 5.325410 72.891899 -25.709299 
 -8.545580 4.856670 35.970001 
 -71.866096 27.023500 28.236700 
 57.504398 -25.850901 34.253201 
 -20.919901 -64.106796 -21.629801 
 29.949499 -32.847801 56.364300 
 -51.146301 40.068699 -38.748501 
 41.854801 -7.613720 -16.575600 
 24.759701 -69.268097 46.981701 
 -11.625600 -71.802399 -16.228500 
 -73.344002 10.788200 47.515999 
 -23.899799 -76.254601 28.549101 
 -8.496740 11.235700 29.212299 
 -37.901402 -54.862301 -3.185090 
 19.088200 19.933399 26.516100 
 -59.320702 45.146900 9.358720 
 2.692600 57.688900 -20.234100 
 -31.539499 -75.233398 45.750099 
 -62.885101 37.645199 41.562000 
 -12.941100 -41.755100 -27.511700 
 44.327801 -53.118999 -18.487801 
 -26.470699 47.416302 6.596740 
 45.248798 11.483600 13.764300 
 29.334000 3.812520 39.717300 
 56.364700 -67.012703 29.915001 
 -72.690697 23.634600 6.059170 
 16.484301 -36.599998 -33.990200 
 -44.400002 45.587799 10.989900 
 -1.364370 -31.096600 -37.191502 
 -2.987130 -2.349110 -20.706699 
 33.961300 -75.178902 -13.956400 
 -5.197360 68.759903 -12.444000 
 -18.294001 44.352402 -7.374290 
 -44.328098 -73.433899 -7.428550 
 8.518900 -73.857597 50.774300 
 -2.851090 -42.880600 53.718498 
 17.731100 20.242201 2.453060 
 16.059299 -28.977501 59.182201 
 45.264000 -39.926800 -21.068001 
 51.317600 -50.753399 39.906799 
 46.236698 -48.789200 -18.464500 
 -62.593800 59.246201 -36.432301 
 23.086700 13.029400 -9.483750 
 -48.067699 -26.859800 45.854500 
 -46.703999 -75.695297 40.878799 
 25.591299 19.562599 26.667700 
 -10.312700 -71.821701 -6.679830 
 66.952904 -40.080898 26.043301 
 32.660000 -73.971397 5.366950 
 -55.342899 34.305302 -13.738300 
 51.763500 -4.109870 -7.323420 
 -17.136499 -52.049198 40.136002 
 -7.700810 -23.864700 -35.931099 
 -45.050900 53.927898 -58.097099 
 -4.392180 -16.699301 53.530602 
 -18.258600 54.663799 -13.350200 
 -33.962601 -75.176903 12.068300 
 -16.650600 -68.538902 51.845402 
 -29.938900 -27.823299 45.489201 
 -31.573500 -49.249298 -10.703200 
 37.906898 -74.985901 28.036100 
 52.263401 -9.431160 -10.492600 
 -40.410900 -68.389099 47.748600 
 -57.523701 70.081200 -52.652500 
 27.832899 -34.554798 56.530399 
 -46.548401 50.217701 -55.492901 
 -28.302099 -13.234800 -20.338100 
 -17.986000 -45.067902 -13.009100 
 -50.584999 -22.011600 45.685699 
 3.482120 -49.666302 -34.653801 
 -21.093700 40.596401 3.484520 
 -68.173500 -22.694599 29.390301 
 -44.819500 67.672203 -59.011101 
 23.927299 -35.358799 58.390301 
 47.732101 7.978300 26.059000 
 62.925900 -23.789400 8.862490 
 15.226100 -47.752300 58.354500 
 -38.118099 34.623100 31.794901 
 -29.311300 -72.397301 -16.643700 
 -73.451797 29.136200 16.584900 
 -21.914499 -62.059101 41.381802 
 36.264400 -8.884520 -20.681601 
 36.640301 -2.129450 41.488998 
 -1.678150 17.492701 19.952299 
 -4.822240 -63.507599 54.052799 
 5.306040 -71.586998 2.718960 
 -19.307501 65.866501 -8.302680 
 1.150380 -33.897202 57.755001 
 -38.108200 -36.614700 42.850601 
 2.727620 -3.754070 44.635101 
 39.727901 7.899040 -7.617380 
 -27.176201 -56.635201 -9.410780 
 -35.540798 51.699799 -1.028420 
 19.267401 -75.233299 -14.301900 
 -37.474400 -61.590801 -4.324240 
 55.875900 -2.910100 3.834840 
 21.736401 -76.310699 6.939110 
 20.553301 -66.257301 -23.258499 
 -42.239101 -72.338600 48.217098 
 24.502899 -70.975098 33.855801 
 38.525200 -48.639599 -24.662500 
 -35.931000 -76.623497 14.245600 
 -37.737801 44.212502 15.909500 
 -68.977501 42.155201 11.175000 
 -22.829500 -73.980003 -5.803000 
 -37.815498 -61.062000 38.200298 
 3.870940 -48.204399 56.313499 
 -39.426998 -48.286900 -3.805710 
 51.826099 -46.236099 40.673302 
 -55.424400 -71.414398 9.128300 
 -45.250401 -11.802700 44.302101 
 -27.053301 38.448601 7.512080 
 -73.097000 -20.234100 19.804399 
 -53.392300 -13.646000 -14.430200 
 32.393501 -53.023102 50.753101 
 35.923199 7.959420 36.722000 
 -36.847198 -20.767200 46.546398 
 -61.933800 -36.798199 -2.782560 
 57.025200 -31.880100 -7.273080 
 12.949500 -46.933300 57.773800 
 -35.699200 -69.645500 -9.395690 
 -58.898399 -39.391201 29.444500 
 -27.217501 -74.174400 9.962670 
 -51.188000 71.058998 -57.518902 
 -18.218201 -71.819099 -1.431730 
 66.068802 -54.985699 -3.652360 
 23.059500 -75.019997 8.086000 
 24.722500 -73.827003 7.339000 
 -57.952099 53.060501 -33.740002 
 41.017799 -46.225201 46.814999 
 37.845901 -27.390400 52.432201 
 -11.590000 -25.481300 -33.999199 
 -17.346600 -71.868103 0.699626 
 -33.534401 -39.689201 40.279499 
 -71.895897 -13.608100 24.339399 
 61.209099 -24.875000 26.677500 
 7.682810 -12.293500 53.706699 
 -66.258698 4.497940 0.080512 
 4.762070 64.513496 -19.908199 
 9.015200 -18.880600 58.393200 
 49.838501 6.883140 9.540740 
 2.934770 -41.226299 -36.673901 
 16.772499 -75.487099 11.252900 
 29.708401 -27.858299 -29.054100 
 -35.712700 -51.030201 29.186001 
 75.883598 -38.755001 15.748100 
 -31.688400 -58.819801 38.595699 
 21.717800 -76.222298 10.897600 
 -9.895350 -10.338100 -22.280500 
 -0.042825 -71.503098 33.132301 
 -72.606102 -15.111200 16.106001 
 -18.390499 -76.428902 6.451160 
 -37.513500 -20.318600 -20.872900 
 64.426003 -37.150002 11.422900 
 -5.691600 72.878098 -9.530570 
 -55.697701 60.269699 -26.485100 
 38.682301 -74.302803 11.447300 
 -10.846200 -2.029840 40.994598 
 -15.500700 -76.389900 12.161700 
 -56.587101 -9.597690 -11.660800 
 8.594910 -10.381900 -23.031601 
 -9.294020 -71.173203 39.334301 
 5.616490 -14.895700 -31.842800 
 -27.660200 20.422100 12.155500 
 -13.845400 -31.519100 42.603001 
 -48.339298 0.164595 38.988499 
 35.883301 -74.925903 -4.900450 
 -20.345301 15.150400 -4.682360 
 35.800499 -74.028000 20.723000 
 -30.263500 -74.605003 9.617000 
 -64.517799 40.664799 3.292160 
 -69.333199 -27.140200 8.405220 
 -69.073799 -14.367500 0.919834 
 -29.056000 -74.861298 -19.548000 
 44.895302 -10.778900 -15.915900 
 47.048199 -20.889200 -18.606001 
 -49.828602 59.459999 -56.527599 
 -19.254200 4.464360 34.646301 
 31.285299 17.414700 28.269199 
 -38.808201 -56.438999 10.196500 
 51.460098 -41.864101 -14.713400 
 43.525398 -20.056400 -20.900801 
 34.102200 13.326000 -4.537910 
 47.929298 -5.937900 -12.480800 
 2.805250 -63.640499 -27.907700 
 -18.930500 -74.006104 16.198299 
 -38.964199 1.196930 -15.822200 
 -23.145700 -8.333120 42.190300 
 -20.003099 -21.168100 -22.415899 
 26.196400 -14.525900 52.446201 
 61.008400 -12.549600 7.164070 
 3.175180 73.759003 -26.591700 
 -32.868000 55.984100 -0.414936 
 -52.835098 11.122800 -7.495940 
 -53.445202 -37.810699 37.220798 
 -12.021500 -74.757004 18.886999 
 30.609699 -4.633010 -17.699800 
 -53.204498 -48.336300 9.623820 
 -15.212200 -25.767401 43.293598 
 -54.038300 18.260401 -7.433720 
 42.256199 -71.918900 30.410900 
 -30.490900 24.917000 14.732800 
 10.277600 15.947100 -6.926430 
 -61.473499 66.318703 -48.345600 
 -9.707890 -72.366402 17.230101 
 48.381500 -71.339302 27.257900 
 -36.994499 -77.167000 19.488001 
 -35.465500 -59.296398 25.830799 
 -32.669201 24.348499 26.919500 
 -37.468498 -49.916801 27.162201 
 -70.129601 11.471200 -0.469112 
 -27.974199 -19.469101 -20.627100 
 4.671710 -55.791401 52.727901 
 -76.443497 17.219801 14.463800 
 7.992600 -8.467660 45.620602 
 -43.293499 -67.401299 25.892799 
 41.591202 -75.945503 11.965600 
 45.267502 -20.370399 45.533100 
 -28.271000 15.161400 24.831200 
 14.187500 11.306200 -10.060800 
 -10.506000 -60.360199 -23.313900 
 -21.439501 -74.724998 25.917999 
 -49.643299 -41.653801 35.660999 
 -69.781898 -15.626500 28.772200 
 36.187599 -75.704697 4.427030 
 -56.703400 -35.591702 -8.397670 
 1.764860 -17.962601 57.655800 
 -38.580002 -64.837196 -5.080420 
 -66.209702 32.636101 3.622560 
 -26.997499 -76.320999 27.927000 
 53.906200 -38.930199 37.942101 
 -53.780998 56.883202 -47.582500 
 -61.189701 -22.616800 39.272400 
 25.821501 -72.514999 35.438000 
 37.353298 -52.751499 50.176899 
 -71.959702 32.715801 14.010200 
 25.197701 -33.381802 -32.461700 
 -37.175201 -76.842300 17.368601 
 -45.944401 39.188099 -16.770800 
 -3.720450 -68.551804 -27.269899 
 10.006600 20.313200 21.434401 
 23.564501 -75.482002 39.424999 
 -20.364300 -76.367897 -29.081301 
 -42.044201 40.680099 36.323399 
 21.660200 -75.246399 38.826000 
 -28.225000 -70.685799 -20.165199 
 -67.723396 32.971100 42.565102 
 -2.582260 -12.182100 46.438400 
 22.919399 -9.799390 -20.147400 
 0.466050 -74.435204 53.188702 
 71.031700 -40.165298 4.375460 
 16.505400 -47.541500 -32.724201 
 17.197500 -75.398003 41.638000 
 -3.677800 -71.962303 10.422100 
 -31.908001 12.879800 -9.276870 
 3.756440 -62.473499 49.272598 
 11.588500 -75.144997 42.055000 
 -34.232800 -0.695232 39.507500 
 -6.347770 -58.527500 44.337002 
 35.854000 -14.236100 -21.542200 
 -14.591700 -71.723297 -3.080270 
 58.135899 -9.385540 24.257799 
 23.184601 -71.365700 -5.826760 
 -42.268799 -62.548901 39.844398 
 61.810001 -21.325500 0.452589 
 -12.276700 -71.607498 37.543598 
 -53.772999 62.764702 -36.856300 
 12.873400 -70.671204 38.404800 
 13.538900 -51.251999 55.284199 
 57.532600 -14.293500 -4.419440 
 -47.798401 52.875000 -18.789101 
 -14.629900 -64.300499 -25.747101 
 70.993301 -46.032200 1.100200 
 -59.532101 -5.919820 36.828499 
 7.268320 -70.717003 39.061001 
 -57.408100 33.072102 47.569698 
 45.940800 -63.540298 -5.618130 
 -61.673199 51.601601 -23.511000 
 -36.583302 -57.441399 -4.463540 
 -10.438600 1.345690 -16.283501 
 -48.108398 8.986350 51.892300 
 -12.973500 -75.664001 42.655998 
 70.447998 -37.305500 22.201700 
 -35.206799 -54.033199 20.153500 
 66.706703 -46.130402 -0.907302 
 42.422600 2.267630 -9.975700 
 -37.146198 36.808498 26.982201 
 3.334950 -18.525200 -34.979099 
 -59.591202 17.539301 -6.434970 
 -13.130500 15.064400 5.545080 
 -17.050501 42.135799 0.554045 
 -31.504801 50.945900 8.921970 
 36.153702 -33.619900 -25.950899 
 -31.625900 18.090500 -1.324260 
 -34.327000 -60.889702 38.787498 
 -43.085999 46.313999 5.359030 
 -21.043600 -18.770700 45.115799 
 -46.480999 32.710499 -6.061670 
 -49.035500 -47.320202 -1.458740 
 12.649300 17.161301 31.376101 
 20.103399 -31.927900 57.701801 
 -17.116199 -33.781399 -24.469299 
 -8.854450 50.006001 0.464395 
 -43.738300 36.996799 -0.848208 
 32.882099 11.051500 -8.501340 
 -32.312599 -13.629400 46.434700 
 -33.465801 -63.224998 18.776501 
 -73.292702 5.036970 7.851140 
 1.937700 -22.928699 -37.344700 
 25.872700 -46.629200 56.736198 
 -67.030403 17.412300 -2.780000 
 14.375800 -71.006302 -11.572300 
 -41.896500 -49.906200 0.344355 
 -26.932100 -63.695599 -9.413340 
 30.641500 -12.947200 -21.890301 
 1.084760 -52.813702 -33.501801 
 29.719500 -75.854797 -11.938600 
 31.382000 -62.955299 -23.476000 
 73.421799 -47.356602 27.826401 
 -7.789630 -2.035250 -20.130501 
 -32.002899 8.191570 32.293701 
 -46.928902 -7.549710 43.332401 
 27.726000 -1.523180 41.709702 
 -57.578999 39.931301 -30.189899 
 -11.720200 -18.879000 45.558300 
 44.903999 -54.121101 42.595798 
 12.345200 -24.033300 58.757301 
 32.447300 -57.946800 48.688000 
 16.253201 -10.740000 52.205799 
 -43.888302 18.247499 -6.267800 
 -68.016502 0.696597 27.137899 
 -25.116699 -76.135002 -26.702801 
 -64.283798 -30.173500 -3.072520 
 -7.696120 73.673798 -9.273910 
 65.428200 -62.693699 28.066700 
 42.039902 -31.068001 50.068401 
 34.470501 -75.518799 23.582600 
 63.654301 -38.925301 6.213160 
 -44.939701 -63.864799 35.423100 
 30.695429 -74.781738 13.981928 
 -38.291870 -52.950172 17.535114 
 -28.363350 -75.603416 19.700411 
 -20.472130 -74.294701 -0.079297 
 -13.648523 -74.509941 11.943001 
 -12.721477 -74.085335 40.177299 
 0.658266 -73.331085 42.689400 
 14.885047 -73.232208 39.643623 
 23.442400 -73.382652 37.012081 
3002 
 562 905 1465 
 547 292 605 
 453 1199 1123 
 1192 729 1481 
 433 685 93 
 380 1164 254 
 970 711 1063 
 603 905 562 
 310 961 219 
 248 705 1218 
 116 886 663 
 998 144 1400 
 350 248 1227 
 974 891 85 
 1175 941 889 
 200 531 1117 
 938 576 1149 
 331 124 110 
 1148 1289 712 
 736 687 98 
 671 1031 1237 
 252 627 348 
 18 444 752 
 893 1383 525 
 1222 1106 936 
 1354 732 863 
 156 950 309 
 1124 432 759 
 121 1335 521 
 692 969 1181 
 1349 125 514 
 913 1375 239 
 641 745 993 
 1160 435 1285 
 1103 380 254 
 456 430 464 
 1033 277 798 
 133 872 1027 
 14 439 291 
 1100 659 1143 
 1390 256 893 
 712 828 69 
 938 706 576 
 326 424 468 
 78 891 290 
 459 1391 173 
 375 741 1150 
 965 508 289 
 679 1096 1434 
 1431 309 950 
 19 553 49 
 1173 854 9 
 209 102 918 
 1102 1262 1467 
 552 414 620 
 613 982 496 
 269 60 519 
 685 501 1344 
 607 875 1317 
 1168 1433 710 
 1387 371 1226 
 601 361 1286 
 678 1038 1178 
 573 380 1103 
 1210 658 535 
 973 505 509 
 1197 1069 778 
 101 1460 367 
 422 140 164 
 443 831 627 
 556 251 947 
 211 212 349 
 999 54 1051 
 195 945 1410 
 577 936 564 
 867 14 291 
 1014 871 43 
 426 469 1095 
 1114 123 1470 
 741 375 107 
 84 1254 847 
 211 1251 212 
 1347 550 28 
 1057 101 1412 
 75 469 426 
 27 1467 1262 
 470 844 74 
 1462 399 1058 
 1179 1360 644 
 1104 34 1452 
 1105 1140 118 
 1064 1392 683 
 20 310 432 
 271 4 477 
 620 983 425 
 854 1430 9 
 1163 1026 880 
 1148 370 537 
 276 508 1092 
 594 93 685 
 569 554 555 
 1349 1377 125 
 368 977 1050 
 1097 878 1025 
 959 465 856 
 1458 168 76 
 893 256 476 
 1255 921 497 
 983 1445 903 
 794 1275 1188 
 1009 172 416 
 837 272 908 
 1241 561 28 
 1119 820 214 
 1395 1169 475 
 275 186 474 
 1247 28 977 
 1122 1092 232 
 453 185 703 
 227 1186 906 
 927 1157 169 
 742 722 413 
 1137 363 1447 
 975 748 1060 
 578 734 589 
 65 277 67 
 31 640 538 
 947 1096 556 
 456 995 430 
 213 838 399 
 1059 477 1106 
 846 1174 665 
 285 228 599 
 1117 827 200 
 648 410 1418 
 1331 160 1386 
 1217 1253 1030 
 46 75 1364 
 1390 819 256 
 869 541 351 
 944 1060 306 
 1174 846 265 
 1045 427 1017 
 316 79 1276 
 643 1074 1214 
 48 40 385 
 1253 19 581 
 1176 88 578 
 1048 723 1127 
 911 294 646 
 394 768 935 
 1104 1452 1393 
 1146 523 1113 
 113 738 1363 
 331 110 291 
 1112 323 726 
 211 349 1203 
 69 370 712 
 943 806 675 
 1226 563 1387 
 484 34 76 
 446 1455 1228 
 1441 738 801 
 1213 130 179 
 389 869 351 
 113 365 1011 
 658 571 535 
 1286 102 859 
 445 1426 239 
 648 1253 1217 
 1352 810 426 
 346 1034 1327 
 672 1303 858 
 151 1376 837 
 530 1453 1102 
 707 1349 400 
 358 196 795 
 98 687 1231 
 1252 398 686 
 1322 947 251 
 1194 1480 157 
 343 283 463 
 188 1176 425 
 1299 706 938 
 1190 1118 750 
 1056 58 1074 
 780 1370 684 
 179 421 1213 
 98 1228 1455 
 823 1285 359 
 696 487 130 
 905 603 485 
 1310 833 377 
 220 497 921 
 160 1100 978 
 1025 878 488 
 727 1172 49 
 429 991 864 
 108 561 1241 
 1236 1351 653 
 959 956 447 
 1401 342 634 
 311 182 1124 
 139 803 829 
 132 295 1339 
 268 1242 68 
 71 694 1413 
 430 995 1173 
 1198 1223 733 
 442 827 1034 
 1446 578 589 
 891 974 42 
 794 305 274 
 1043 614 305 
 602 1193 1054 
 147 104 1150 
 33 1379 708 
 1120 324 1323 
 1331 437 659 
 241 1269 438 
 763 1230 186 
 1191 253 757 
 1110 1483 746 
 1437 588 1300 
 1330 176 231 
 552 1176 578 
 1487 583 1326 
 756 476 1325 
 982 1131 180 
 1383 893 756 
 757 253 1128 
 502 1059 913 
 0 922 280 
 26 334 592 
 1011 801 113 
 268 717 120 
 422 520 555 
 253 224 0 
 459 423 321 
 1008 1418 1493 
 24 987 1182 
 1328 139 1233 
 59 1442 1463 
 724 335 586 
 1380 834 654 
 384 369 486 
 224 1357 229 
 698 2 452 
 873 1371 33 
 1221 396 302 
 753 1029 1342 
 954 1178 1038 
 479 1066 1487 
 479 1487 1326 
 937 816 1334 
 322 1290 786 
 747 963 804 
 696 439 1271 
 495 1239 1410 
 1087 1138 1264 
 1417 874 996 
 928 50 94 
 979 1404 411 
 657 240 808 
 1200 1333 551 
 789 61 181 
 1115 759 912 
 828 183 213 
 454 1239 495 
 852 1483 1291 
 1216 1424 1041 
 370 1148 712 
 1029 753 758 
 418 858 1303 
 131 420 775 
 603 562 1365 
 1450 1018 249 
 993 363 948 
 112 1219 1228 
 1347 1450 956 
 84 214 1010 
 518 913 1059 
 1063 653 1351 
 1210 999 1051 
 155 467 686 
 162 803 667 
 41 743 1478 
 908 1036 151 
 1018 930 168 
 275 1308 186 
 392 1013 914 
 551 427 1001 
 290 1430 854 
 613 549 344 
 1447 459 1137 
 304 1492 1308 
 840 21 1154 
 763 821 1020 
 749 1140 1068 
 241 946 1269 
 182 304 1300 
 941 1195 533 
 1332 677 753 
 863 244 1484 
 652 1315 406 
 73 46 907 
 648 1008 412 
 1185 455 730 
 914 220 805 
 291 716 867 
 318 1437 1300 
 307 754 412 
 1285 1490 145 
 906 1186 146 
 452 693 984 
 1486 667 929 
 1349 1276 1377 
 904 1435 1019 
 1239 454 297 
 1078 565 799 
 879 459 321 
 82 280 1238 
 1320 148 814 
 1076 1402 897 
 531 654 926 
 180 647 958 
 400 1198 733 
 284 138 371 
 1260 83 1493 
 663 1052 804 
 53 229 922 
 599 1268 1314 
 1147 951 1255 
 237 104 960 
 27 1168 710 
 11 1294 1381 
 1451 867 716 
 1010 214 985 
 977 368 1018 
 1146 728 1444 
 274 923 8 
 1348 896 1354 
 598 296 297 
 1351 841 1403 
 387 952 416 
 436 513 802 
 976 309 719 
 500 1106 477 
 196 501 1483 
 348 627 831 
 875 1107 303 
 874 349 212 
 483 159 187 
 1450 447 956 
 848 451 1234 
 1437 498 1202 
 1152 180 532 
 949 706 340 
 656 133 560 
 417 778 592 
 1431 568 309 
 59 111 1207 
 144 667 1328 
 860 352 1206 
 337 644 1360 
 8 710 163 
 512 154 576 
 968 286 1040 
 449 910 260 
 666 614 506 
 148 116 722 
 1237 93 671 
 332 1420 184 
 90 170 968 
 158 790 784 
 11 981 931 
 485 1136 492 
 1480 208 830 
 319 133 228 
 1335 121 1080 
 1049 971 1129 
 499 343 463 
 860 1206 915 
 443 934 831 
 222 152 1191 
 281 109 258 
 1084 831 934 
 1165 651 1088 
 1462 6 399 
 518 1059 1222 
 1138 305 1264 
 1349 514 400 
 1377 73 125 
 735 299 1187 
 65 538 277 
 566 383 1101 
 680 824 399 
 330 569 773 
 1278 772 1227 
 596 489 205 
 407 1416 62 
 655 938 1149 
 933 1301 1449 
 6 69 399 
 1067 129 942 
 324 1215 1491 
 1045 884 259 
 580 1055 1125 
 1121 783 1118 
 360 197 534 
 340 574 1461 
 866 303 1107 
 975 1388 748 
 27 937 77 
 780 431 1493 
 1041 1329 1216 
 1475 876 532 
 1356 1318 885 
 398 52 730 
 508 276 279 
 259 884 326 
 1463 111 59 
 1042 423 745 
 3 152 1197 
 59 209 56 
 431 780 412 
 1383 989 525 
 1027 37 1061 
 48 1186 670 
 1123 683 1392 
 1393 788 482 
 1131 1475 532 
 810 1467 77 
 690 62 1345 
 1064 1211 1256 
 652 1403 866 
 1196 611 791 
 372 488 842 
 926 834 1066 
 740 396 1366 
 581 19 1172 
 938 655 1299 
 894 43 379 
 486 141 381 
 641 1147 745 
 621 473 524 
 401 762 879 
 621 656 394 
 917 1312 839 
 634 342 1081 
 1371 324 765 
 1440 528 1162 
 978 1100 743 
 1221 582 1366 
 1108 229 1357 
 1389 830 1284 
 74 285 599 
 1440 1245 326 
 1405 1439 769 
 1203 1379 206 
 407 919 693 
 509 875 1037 
 1305 1085 960 
 857 935 768 
 23 409 494 
 1051 54 450 
 1164 45 254 
 1111 561 108 
 817 1244 746 
 286 92 1202 
 242 635 1415 
 1339 1470 132 
 939 713 666 
 1261 606 697 
 1373 724 586 
 1367 750 1153 
 19 1253 754 
 18 1430 290 
 1052 1019 85 
 465 1488 856 
 227 906 323 
 979 877 510 
 540 1233 503 
 345 1161 615 
 267 853 682 
 1210 368 1050 
 445 1114 928 
 333 1242 189 
 1433 1249 710 
 24 249 899 
 1460 472 300 
 499 463 680 
 1097 1025 939 
 1056 524 58 
 379 529 1071 
 628 142 207 
 1163 1005 699 
 1487 1272 583 
 658 735 571 
 233 987 404 
 917 839 255 
 257 1293 338 
 43 894 899 
 930 571 554 
 411 1404 557 
 540 1468 1065 
 908 391 1313 
 819 451 927 
 467 155 1394 
 1421 797 203 
 564 936 500 
 636 972 1259 
 800 563 826 
 516 389 595 
 1114 1339 467 
 808 1272 1047 
 886 148 1320 
 143 281 1360 
 134 386 1089 
 1090 846 665 
 1442 509 505 
 989 1383 541 
 1387 563 800 
 947 1113 1096 
 1288 73 907 
 1285 853 594 
 816 937 372 
 416 172 387 
 1334 70 574 
 680 463 965 
 149 1077 127 
 558 994 649 
 1303 918 418 
 343 742 1088 
 314 1031 671 
 1351 1236 841 
 603 1058 193 
 1248 573 204 
 487 63 514 
 963 116 663 
 762 1406 692 
 644 337 900 
 580 71 1055 
 969 911 1181 
 1359 1408 332 
 1309 465 146 
 780 684 739 
 339 1265 23 
 1157 1136 508 
 284 814 1428 
 390 934 443 
 1072 405 626 
 1298 363 1137 
 871 1014 825 
 278 249 793 
 841 1414 1469 
 122 1101 383 
 1116 944 258 
 470 1075 844 
 5 809 198 
 206 1379 1371 
 327 664 1178 
 822 755 909 
 1047 460 1380 
 1476 572 344 
 186 1308 1492 
 882 700 1130 
 126 1378 1289 
 1241 856 1488 
 843 1015 921 
 872 37 1027 
 699 649 585 
 1221 1366 396 
 265 1090 913 
 480 1387 733 
 934 482 1084 
 383 678 1070 
 1434 1096 1113 
 1263 1086 1194 
 814 284 480 
 978 491 1386 
 382 136 721 
 278 493 43 
 1037 1137 173 
 502 913 239 
 240 657 287 
 959 589 465 
 1212 462 175 
 981 333 697 
 22 567 966 
 819 114 1023 
 369 132 457 
 613 238 982 
 1492 304 1405 
 630 1373 586 
 1399 1396 975 
 1380 654 221 
 250 1421 825 
 1303 672 597 
 1414 1236 681 
 998 540 1065 
 553 703 374 
 714 732 1354 
 727 49 462 
 365 520 414 
 36 158 784 
 293 701 942 
 322 301 792 
 759 432 912 
 60 1222 936 
 967 1327 479 
 581 567 1030 
 523 229 1108 
 373 587 375 
 1198 514 63 
 292 419 233 
 384 295 369 
 1483 38 746 
 216 604 1144 
 761 1275 139 
 353 1284 72 
 1096 679 784 
 854 478 290 
 289 485 1368 
 1063 417 334 
 399 69 213 
 322 1230 301 
 1050 977 28 
 408 610 264 
 1328 1400 144 
 352 689 1093 
 533 1335 898 
 692 1224 1053 
 1294 1481 795 
 937 27 710 
 1148 1085 1305 
 109 281 143 
 268 813 717 
 47 288 1232 
 71 1413 1046 
 1408 1359 242 
 190 960 1085 
 974 1019 1435 
 1200 403 1333 
 435 1490 1285 
 885 172 787 
 1109 995 456 
 862 605 752 
 13 615 119 
 1067 942 701 
 865 946 136 
 896 1033 1292 
 1126 1042 497 
 840 1235 1125 
 1273 1080 121 
 990 44 240 
 366 728 1146 
 911 969 1296 
 448 1 117 
 421 179 1243 
 1367 945 313 
 330 773 1145 
 61 789 1273 
 88 734 578 
 500 936 1106 
 596 1463 489 
 840 71 1046 
 232 965 463 
 146 734 88 
 888 737 390 
 1374 701 293 
 1114 467 1394 
 188 88 1176 
 91 1023 957 
 372 8 923 
 896 1139 1443 
 553 374 1384 
 1267 960 104 
 565 140 799 
 267 682 539 
 786 835 90 
 311 759 1427 
 809 378 895 
 616 793 1458 
 1300 304 318 
 686 384 1252 
 430 1173 9 
 25 766 22 
 516 619 389 
 468 424 1250 
 198 809 1167 
 1417 55 376 
 1098 102 361 
 434 673 844 
 548 486 392 
 543 829 1006 
 861 478 210 
 928 1114 1394 
 1475 238 876 
 355 829 579 
 1251 1282 1281 
 1283 953 273 
 113 586 1356 
 1188 1275 1135 
 487 1243 130 
 296 557 1239 
 692 141 1224 
 273 953 910 
 843 764 1015 
 420 201 775 
 1444 728 1009 
 711 1197 417 
 709 317 817 
 826 707 400 
 299 735 1051 
 327 1477 433 
 993 745 1447 
 1169 122 403 
 626 483 99 
 1058 824 193 
 379 871 1310 
 979 598 462 
 1339 295 467 
 1197 778 417 
 1301 933 512 
 315 391 908 
 23 461 1223 
 1248 376 534 
 1056 1047 221 
 178 105 556 
 1387 800 400 
 151 1036 1141 
 223 564 1214 
 205 1183 596 
 940 393 815 
 1153 945 1367 
 273 1432 791 
 1397 964 94 
 474 498 275 
 105 251 556 
 246 382 901 
 545 1067 386 
 1413 694 454 
 21 1046 915 
 1448 787 172 
 187 7 963 
 510 216 979 
 579 1064 683 
 985 214 779 
 730 455 398 
 620 1266 1225 
 484 1032 34 
 500 1246 564 
 82 1238 490 
 944 306 258 
 1312 1156 428 
 1381 268 68 
 1454 198 642 
 966 933 22 
 356 345 1143 
 761 1135 1275 
 953 1283 491 
 905 485 1180 
 738 1441 288 
 1476 472 572 
 458 973 1037 
 256 819 1023 
 903 565 171 
 1104 616 1458 
 1292 798 1462 
 305 666 713 
 1425 825 1014 
 1214 1074 58 
 1267 1305 960 
 221 872 1056 
 1280 1115 912 
 1172 19 49 
 1010 748 84 
 909 1156 822 
 64 805 1472 
 965 289 1368 
 1113 947 366 
 725 317 1079 
 325 406 1315 
 1086 402 208 
 695 545 325 
 515 917 255 
 1182 249 24 
 7 413 722 
 657 1047 1453 
 1117 225 1327 
 667 1397 645 
 1017 590 943 
 1389 353 438 
 560 133 481 
 752 605 1398 
 78 1072 891 
 244 1032 484 
 251 1409 35 
 1410 1239 557 
 494 487 696 
 49 553 312 
 638 203 797 
 47 731 288 
 944 1151 1060 
 875 1442 1317 
 1103 254 636 
 108 811 720 
 15 774 775 
 617 660 50 
 421 57 689 
 497 1042 1255 
 1299 655 1364 
 752 66 18 
 1335 719 898 
 1084 356 831 
 1350 1359 1141 
 292 1441 631 
 586 335 1318 
 153 1108 293 
 1313 807 908 
 746 1369 1110 
 488 878 674 
 616 737 493 
 160 1331 659 
 545 129 1067 
 966 727 542 
 1472 52 64 
 585 865 397 
 567 1172 727 
 1489 775 774 
 1445 164 903 
 231 641 993 
 1002 1325 1258 
 1134 1171 149 
 296 598 411 
 663 804 963 
 1032 244 863 
 1389 1482 994 
 1083 872 656 
 327 1237 664 
 717 813 749 
 789 821 1273 
 1415 1279 254 
 60 269 1222 
 447 987 1257 
 777 1316 332 
 663 886 904 
 1310 1421 833 
 862 752 444 
 1367 189 750 
 1252 384 64 
 519 1028 1456 
 1304 332 639 
 1110 1291 1483 
 1386 1048 1127 
 840 1046 21 
 138 1378 371 
 284 1387 480 
 89 461 1476 
 1365 896 1292 
 1299 340 706 
 1431 395 341 
 48 1293 40 
 219 900 873 
 161 1248 1471 
 1124 759 311 
 517 770 544 
 128 124 689 
 851 309 86 
 1159 998 271 
 813 1209 1004 
 944 1116 202 
 1151 975 1060 
 683 1199 629 
 919 924 693 
 493 793 616 
 536 1263 1194 
 896 67 1033 
 62 1416 2 
 1469 866 1403 
 937 710 8 
 1183 691 1007 
 190 890 960 
 60 857 519 
 959 856 550 
 681 1336 832 
 719 632 976 
 353 117 1 
 749 1353 1319 
 1437 318 275 
 140 1187 799 
 1185 730 97 
 246 855 397 
 549 1320 1476 
 194 812 902 
 18 66 1430 
 293 942 153 
 187 159 7 
 624 20 1124 
 849 829 298 
 79 46 1377 
 1130 700 137 
 323 338 507 
 634 276 1092 
 5 1238 809 
 1493 431 1008 
 781 1053 408 
 1324 1211 849 
 990 316 1276 
 1276 357 741 
 1399 975 1407 
 681 1330 1336 
 196 852 1294 
 1169 403 1200 
 213 1485 499 
 680 838 499 
 1024 1035 77 
 32 359 594 
 475 1128 1395 
 609 916 1320 
 1132 1280 851 
 1234 1390 492 
 1397 94 645 
 220 914 497 
 1205 528 570 
 781 264 1007 
 1149 576 154 
 394 935 577 
 887 1089 386 
 1231 721 796 
 331 291 1213 
 636 1006 162 
 1194 109 170 
 339 1271 472 
 183 722 1485 
 440 1455 446 
 255 118 177 
 656 524 1083 
 1125 542 580 
 760 1464 241 
 416 1444 1009 
 555 571 1187 
 770 517 684 
 868 979 49 
 1341 1062 640 
 1199 307 629 
 988 1343 1098 
 265 1456 1174 
 404 87 233 
 535 571 930 
 791 1432 1196 
 134 1089 226 
 246 397 892 
 1166 1376 151 
 575 1165 354 
 25 933 1449 
 1370 992 878 
 1169 1395 490 
 764 1472 1015 
 917 515 1402 
 505 489 1442 
 114 819 927 
 264 610 1174 
 849 1277 1324 
 564 223 577 
 1165 1088 159 
 667 1486 1397 
 1156 909 1332 
 1187 299 799 
 127 1346 1155 
 991 429 618 
 1276 1349 707 
 788 329 482 
 181 61 815 
 659 1208 1220 
 52 398 1252 
 309 976 86 
 639 1201 1240 
 617 1021 660 
 225 479 1327 
 1258 476 1023 
 667 645 660 
 86 769 1439 
 79 469 75 
 849 298 391 
 200 827 1314 
 1187 571 735 
 252 1227 772 
 1100 615 743 
 1401 1173 342 
 793 493 278 
 618 782 156 
 120 1190 189 
 240 287 1095 
 1206 21 915 
 1115 1427 759 
 379 1071 894 
 1296 969 1053 
 306 1060 1355 
 294 973 646 
 92 1473 115 
 1290 792 698 
 1012 362 448 
 600 744 1144 
 821 1082 1273 
 189 1242 120 
 958 647 1435 
 990 1276 741 
 899 278 43 
 95 730 764 
 1230 763 1020 
 810 1352 1102 
 1170 527 1002 
 567 581 1172 
 1009 1322 35 
 705 1386 1127 
 895 378 755 
 827 1117 1034 
 906 88 323 
 1435 904 916 
 554 76 168 
 249 278 899 
 478 854 210 
 176 1330 815 
 1381 1294 852 
 199 1011 552 
 151 1141 312 
 28 1247 1347 
 421 689 124 
 865 585 649 
 1355 1360 281 
 304 182 311 
 843 1175 889 
 247 610 408 
 1348 65 67 
 1271 439 300 
 881 17 1032 
 1092 1122 575 
 649 1482 865 
 939 683 544 
 531 225 1117 
 488 674 842 
 520 1266 414 
 897 1369 1244 
 1237 1130 137 
 130 1243 179 
 577 60 936 
 1338 1162 528 
 794 163 1382 
 665 1174 610 
 266 198 715 
 1162 192 1440 
 857 768 740 
 861 210 634 
 666 683 939 
 164 140 650 
 46 79 75 
 1278 638 772 
 250 234 627 
 134 652 386 
 894 1071 668 
 991 33 708 
 1077 29 441 
 883 444 245 
 683 666 506 
 437 1208 659 
 1326 373 1150 
 230 40 1155 
 1066 834 1487 
 951 1175 843 
 820 1133 1297 
 795 196 1294 
 458 1037 1391 
 8 163 274 
 398 455 513 
 1295 424 884 
 471 1257 199 
 1337 1459 778 
 445 1375 262 
 625 434 1341 
 1364 174 1438 
 60 935 857 
 1218 1278 248 
 309 898 719 
 128 559 1319 
 1189 1144 880 
 1175 1195 941 
 1079 709 718 
 1257 233 419 
 504 424 690 
 1132 1405 1427 
 26 1459 1337 
 1218 1073 638 
 833 203 377 
 594 685 32 
 1148 537 1085 
 1076 897 1244 
 550 1241 28 
 269 518 1222 
 1426 608 239 
 387 335 955 
 590 320 806 
 1209 1381 328 
 439 696 1213 
 1446 959 447 
 335 724 955 
 366 1322 728 
 628 87 142 
 601 1286 546 
 261 356 1084 
 155 686 436 
 105 625 1409 
 1390 893 492 
 1093 154 512 
 527 894 668 
 821 763 1082 
 1482 1389 1269 
 176 1054 231 
 974 96 245 
 235 413 7 
 595 1325 661 
 58 473 223 
 512 1154 1093 
 1001 757 475 
 1491 1323 324 
 194 150 637 
 911 1296 691 
 464 920 593 
 1215 236 1355 
 396 319 302 
 16 31 1484 
 1095 990 240 
 224 253 1191 
 1435 916 958 
 1250 504 767 
 45 1201 254 
 948 363 347 
 651 283 1088 
 1273 1082 1080 
 105 1409 251 
 1280 166 156 
 234 888 627 
 391 298 336 
 45 1164 1466 
 1479 177 1140 
 672 209 597 
 596 111 1463 
 1452 1032 17 
 1342 867 1068 
 103 310 100 
 1165 159 483 
 1381 68 11 
 369 295 132 
 915 1046 1118 
 957 593 91 
 1196 962 1358 
 1133 55 1091 
 444 883 862 
 1034 6 364 
 183 828 191 
 85 1019 974 
 440 823 32 
 1058 603 1365 
 771 769 86 
 1255 745 1147 
 1326 237 890 
 297 175 598 
 711 887 701 
 332 1408 639 
 1428 722 183 
 1139 896 1365 
 1449 410 25 
 969 692 1053 
 1263 402 1086 
 1410 1153 495 
 631 1441 801 
 480 89 814 
 239 271 502 
 1054 1193 641 
 755 378 955 
 1105 428 1342 
 1221 36 582 
 267 671 93 
 952 955 378 
 1147 641 1193 
 22 1030 567 
 884 1045 1177 
 301 62 2 
 1118 1046 1413 
 764 843 282 
 35 1322 251 
 1218 638 1278 
 1228 98 760 
 683 506 579 
 59 56 1317 
 680 399 838 
 92 870 1473 
 103 100 618 
 652 1107 607 
 923 1087 1264 
 1455 729 1192 
 545 695 672 
 830 1389 994 
 540 998 1400 
 1241 1488 108 
 589 959 1446 
 404 142 87 
 228 285 319 
 1373 876 724 
 566 678 383 
 1119 818 1304 
 170 90 536 
 1099 630 586 
 1050 999 1210 
 143 1360 194 
 1229 932 943 
 1162 653 192 
 415 420 624 
 499 742 343 
 414 1011 365 
 659 1220 1143 
 642 1101 122 
 94 50 645 
 970 1063 226 
 261 329 1161 
 492 1180 485 
 775 201 1473 
 1411 600 1144 
 1369 897 1110 
 1478 619 751 
 1029 867 1342 
 377 962 1196 
 986 1224 141 
 1457 188 425 
 832 1336 993 
 1233 1400 1328 
 779 135 985 
 1290 1158 835 
 1150 741 147 
 160 659 1100 
 731 738 288 
 867 1451 1068 
 1140 177 118 
 37 872 654 
 1472 764 730 
 1356 885 365 
 1415 254 1201 
 61 176 815 
 797 1421 252 
 249 1018 793 
 1043 1188 614 
 1126 762 401 
 1272 808 583 
 478 861 405 
 232 508 965 
 522 1121 717 
 714 989 541 
 311 1427 1405 
 92 588 1437 
 81 605 862 
 457 141 486 
 636 162 1103 
 1114 1470 1339 
 557 1404 1189 
 483 626 354 
 1003 649 699 
 764 282 95 
 941 898 568 
 991 100 33 
 1276 707 357 
 1240 45 1466 
 72 1284 208 
 133 1027 1000 
 106 299 450 
 23 1265 461 
 140 555 1187 
 1165 483 354 
 183 1485 213 
 584 375 44 
 783 1319 860 
 576 706 1301 
 175 454 694 
 519 857 1028 
 1382 1275 794 
 775 688 308 
 370 69 346 
 591 560 481 
 17 329 788 
 1319 783 522 
 246 195 855 
 1394 50 928 
 1294 931 51 
 1156 1312 633 
 1262 1168 27 
 721 136 796 
 720 811 385 
 252 250 627 
 24 404 987 
 1419 1424 504 
 1104 1393 390 
 941 533 898 
 812 776 968 
 396 1307 319 
 1105 1342 1068 
 1012 448 702 
 753 1342 428 
 992 1461 674 
 147 126 104 
 0 53 922 
 1369 746 1244 
 472 1476 1265 
 1120 765 324 
 975 1151 1144 
 218 20 131 
 1269 1389 438 
 369 457 486 
 1414 948 1469 
 566 718 1038 
 373 1016 44 
 1473 201 115 
 782 429 864 
 1132 1439 1405 
 853 267 93 
 670 1293 48 
 26 592 1459 
 41 751 953 
 1301 949 1449 
 707 826 357 
 506 355 579 
 990 1095 316 
 908 272 1340 
 519 1456 269 
 729 440 32 
 848 1234 1136 
 1 448 1490 
 1081 114 279 
 1295 884 1177 
 1439 1132 86 
 1285 594 359 
 760 112 1228 
 1142 919 407 
 58 524 473 
 114 169 279 
 282 568 1431 
 971 1049 1208 
 388 1366 1343 
 186 1230 322 
 1057 472 1460 
 814 148 1428 
 643 1468 980 
 357 826 563 
 152 3 1191 
 993 1330 231 
 802 513 455 
 870 15 1473 
 427 551 1017 
 1064 579 829 
 207 464 430 
 584 107 375 
 825 234 250 
 973 509 1037 
 1146 229 523 
 1134 106 1171 
 601 546 1007 
 883 245 96 
 1180 525 905 
 1076 633 917 
 95 341 1185 
 686 295 384 
 75 215 39 
 1458 34 1104 
 1306 391 336 
 1262 1453 1056 
 538 1075 470 
 740 1366 388 
 861 575 354 
 488 923 1264 
 225 1066 479 
 773 520 365 
 208 1284 830 
 20 961 310 
 57 154 689 
 1398 628 66 
 1184 545 1474 
 953 491 41 
 77 1334 1024 
 1112 257 338 
 1320 814 89 
 1471 1248 204 
 471 578 1446 
 934 1393 482 
 1168 1074 1433 
 1112 338 323 
 733 1223 461 
 36 679 418 
 951 1195 1175 
 1224 986 1470 
 595 260 516 
 595 389 351 
 688 775 1489 
 860 915 783 
 1213 291 439 
 1190 1121 1118 
 80 402 1385 
 709 1038 718 
 31 863 1484 
 556 1096 784 
 987 447 1182 
 1371 1379 33 
 102 1098 918 
 1327 537 346 
 802 1021 436 
 756 1325 595 
 1329 1236 1162 
 1054 521 602 
 750 1118 1413 
 235 1088 742 
 421 1288 57 
 569 555 773 
 334 26 192 
 782 1431 950 
 264 781 408 
 1288 907 57 
 139 355 761 
 1007 546 111 
 990 584 44 
 93 1237 327 
 1015 1472 805 
 989 1465 525 
 141 457 986 
 194 688 1489 
 1428 191 138 
 246 892 382 
 948 347 1094 
 445 928 1426 
 829 849 1064 
 685 1344 32 
 1336 1330 993 
 640 1062 538 
 817 746 38 
 921 1255 951 
 957 456 593 
 1005 944 202 
 1085 537 967 
 347 1298 1037 
 461 89 733 
 266 725 198 
 1413 454 495 
 1401 854 1173 
 737 888 493 
 415 624 182 
 1424 393 1041 
 1455 1192 662 
 787 243 1145 
 377 203 962 
 1071 1432 449 
 1480 1194 1086 
 1465 1365 562 
 503 980 1468 
 128 1353 716 
 797 252 772 
 1283 791 611 
 217 1304 1429 
 832 948 1414 
 347 1037 1094 
 75 426 215 
 1230 1020 789 
 186 1492 763 
 1157 279 169 
 1209 1402 515 
 90 835 536 
 627 888 443 
 919 1177 1229 
 747 626 99 
 1409 16 35 
 386 652 406 
 68 1242 11 
 1101 642 725 
 623 499 1485 
 162 1006 829 
 875 509 1442 
 660 204 667 
 752 1398 66 
 480 733 89 
 694 1212 175 
 384 548 64 
 376 1248 161 
 1489 774 150 
 866 948 1094 
 741 107 990 
 750 495 1153 
 1314 470 599 
 1460 101 1057 
 1321 1471 1185 
 973 458 646 
 1094 1037 303 
 437 350 971 
 648 412 754 
 771 86 976 
 634 1092 575 
 615 1143 345 
 1235 840 1154 
 170 536 1194 
 1018 168 793 
 400 514 1198 
 605 81 47 
 766 25 410 
 399 824 1058 
 1056 1453 1047 
 544 878 1097 
 1423 1231 1274 
 1216 767 1424 
 1260 1449 83 
 845 762 1126 
 840 1055 71 
 464 593 456 
 889 282 843 
 0 82 1128 
 69 828 213 
 283 651 1122 
 1254 748 1388 
 1436 49 785 
 655 57 907 
 137 675 806 
 1236 1329 681 
 485 603 193 
 194 1179 688 
 137 664 1237 
 234 1425 888 
 59 1207 859 
 978 743 41 
 453 1392 185 
 320 1270 806 
 1013 1126 497 
 1110 328 1381 
 517 629 739 
 660 802 204 
 333 981 1242 
 865 892 397 
 36 784 679 
 563 741 357 
 1017 932 1045 
 331 1213 421 
 1428 183 191 
 1155 40 1293 
 411 598 979 
 1022 1111 441 
 1264 939 1025 
 985 30 1010 
 1353 1068 1451 
 763 632 1082 
 566 1038 678 
 496 609 613 
 1125 1235 542 
 1146 1113 366 
 163 1249 1382 
 1211 1064 849 
 104 126 1267 
 539 671 267 
 486 548 384 
 992 949 1362 
 358 1344 196 
 1416 407 693 
 1000 228 133 
 1402 1076 917 
 1126 401 1042 
 1469 1403 841 
 1117 1327 1034 
 263 1111 720 
 1178 1070 678 
 909 677 1332 
 1040 90 968 
 402 1263 1385 
 395 864 991 
 247 123 262 
 1479 1140 749 
 736 697 687 
 1097 939 544 
 640 1409 625 
 351 541 595 
 92 115 588 
 844 1341 434 
 355 1135 761 
 153 523 1108 
 945 901 313 
 355 506 614 
 494 696 1271 
 291 110 716 
 518 269 265 
 1040 786 90 
 992 674 878 
 1041 681 1329 
 1311 206 1371 
 297 454 175 
 704 565 1078 
 595 661 668 
 832 1414 681 
 1429 1304 818 
 412 780 739 
 96 1435 647 
 1221 302 158 
 1063 1351 226 
 729 358 795 
 991 708 395 
 595 541 756 
 114 1081 342 
 6 1462 364 
 1039 1012 80 
 496 958 609 
 284 1428 138 
 773 555 520 
 427 222 1001 
 217 777 1304 
 634 210 1401 
 538 470 1314 
 641 231 1054 
 286 1202 1040 
 106 1078 799 
 904 1019 1052 
 1299 1364 1438 
 657 530 1352 
 998 1159 144 
 1066 531 926 
 1419 12 1230 
 620 1225 983 
 1090 265 846 
 147 1226 126 
 1479 749 1004 
 999 1050 1022 
 324 236 1215 
 1136 1157 848 
 679 1434 1474 
 951 843 921 
 1260 1493 1418 
 235 742 413 
 394 560 768 
 1139 714 1443 
 1217 1030 766 
 1246 1214 564 
 350 437 248 
 913 518 265 
 997 539 1372 
 1314 1268 200 
 700 924 1229 
 481 1307 591 
 749 813 1004 
 495 750 1413 
 1474 1434 129 
 177 1209 515 
 1362 340 1461 
 899 527 1170 
 745 1255 1042 
 951 1147 1195 
 1438 466 574 
 808 240 44 
 1456 601 1174 
 300 439 14 
 1256 1392 1064 
 790 158 673 
 650 565 903 
 1214 1246 643 
 1000 1061 599 
 1006 636 1259 
 866 1107 652 
 1407 975 1144 
 1290 835 786 
 178 790 625 
 633 1312 917 
 372 923 488 
 734 465 589 
 1212 580 727 
 1018 368 535 
 236 1360 1355 
 259 427 1045 
 136 1464 796 
 820 1297 779 
 93 594 853 
 1403 652 226 
 203 833 1421 
 1087 923 274 
 1181 762 692 
 334 192 653 
 570 468 1205 
 1484 244 243 
 1488 1309 811 
 1261 313 606 
 550 1347 959 
 371 1378 1226 
 323 188 726 
 1412 101 1029 
 929 144 608 
 502 477 1059 
 146 88 906 
 557 1026 855 
 630 738 731 
 941 282 889 
 845 1406 762 
 364 798 442 
 350 1227 971 
 1419 181 393 
 919 1142 1295 
 830 558 1480 
 851 156 309 
 1029 758 1412 
 1271 300 472 
 1357 293 1108 
 1290 322 792 
 995 342 1173 
 145 682 853 
 197 360 1164 
 512 933 1235 
 1038 709 954 
 1423 1274 606 
 1152 532 630 
 698 452 984 
 920 142 24 
 1304 777 332 
 864 1431 782 
 810 1035 426 
 1231 697 1274 
 385 811 1309 
 696 130 1213 
 1315 695 325 
 428 1156 1332 
 1379 1203 349 
 1453 530 657 
 494 63 487 
 961 308 900 
 1009 1448 172 
 545 1184 129 
 730 52 1472 
 301 1230 12 
 1306 1313 391 
 701 1197 711 
 757 222 1191 
 1066 225 531 
 164 650 903 
 198 1167 715 
 585 622 1163 
 286 776 870 
 261 1161 345 
 332 1316 1420 
 222 757 1001 
 1042 321 423 
 1191 3 1357 
 1260 1418 410 
 1346 263 230 
 491 1283 1386 
 691 1183 205 
 1074 643 1433 
 81 862 883 
 85 804 1052 
 1402 328 1110 
 539 997 984 
 983 903 425 
 612 985 135 
 786 498 474 
 424 326 884 
 1113 153 1434 
 414 1266 620 
 1065 271 998 
 711 417 1063 
 1251 874 212 
 676 127 1155 
 205 911 691 
 757 1128 475 
 763 771 632 
 675 137 700 
 748 1215 1060 
 165 280 1444 
 347 363 1298 
 1210 1051 735 
 1286 859 1207 
 528 1205 1338 
 570 1440 326 
 800 826 400 
 616 1104 737 
 1039 80 1158 
 1318 1356 586 
 1092 508 232 
 111 596 1183 
 824 680 965 
 835 1158 1385 
 258 1003 1116 
 963 7 722 
 1204 619 13 
 120 717 1121 
 377 529 1310 
 630 1363 738 
 997 1012 1039 
 128 352 559 
 283 232 463 
 1016 583 808 
 449 260 668 
 959 1347 956 
 222 259 1337 
 85 747 804 
 388 1343 988 
 949 992 83 
 1030 1253 581 
 33 100 873 
 1128 253 0 
 837 908 151 
 1348 67 896 
 339 23 1271 
 1321 708 1379 
 560 591 740 
 1054 121 521 
 349 1471 1321 
 1146 1444 229 
 189 697 333 
 96 974 1435 
 268 120 1242 
 789 1020 821 
 910 953 516 
 1462 798 364 
 1188 1135 614 
 476 756 893 
 314 984 1031 
 236 337 1360 
 582 36 418 
 967 190 1085 
 305 713 1264 
 888 1425 1014 
 378 165 952 
 313 721 1423 
 1402 1110 897 
 985 612 30 
 505 294 489 
 1240 1466 55 
 810 77 1035 
 1291 1381 852 
 377 1196 1071 
 961 218 308 
 307 739 629 
 193 824 1368 
 710 1249 163 
 1412 344 1057 
 1026 1189 880 
 817 317 1244 
 1302 1251 1281 
 1289 1378 191 
 319 481 133 
 355 614 1135 
 1299 1438 340 
 32 823 359 
 508 279 1157 
 812 968 902 
 191 828 712 
 1049 348 356 
 592 334 417 
 277 442 798 
 70 1461 574 
 1239 297 296 
 829 803 162 
 1326 1150 237 
 925 731 81 
 845 1126 1013 
 1274 697 606 
 557 855 1410 
 1151 880 1144 
 141 692 381 
 1043 794 1188 
 754 307 1199 
 1347 1247 1450 
 1193 602 1147 
 422 1225 520 
 974 245 42 
 54 1171 450 
 802 660 1021 
 32 1344 358 
 1448 1009 35 
 171 1457 903 
 887 386 270 
 59 1317 1442 
 715 1167 822 
 546 1286 1207 
 1428 148 722 
 1460 300 367 
 1346 1111 263 
 805 220 1015 
 122 383 1070 
 558 157 1480 
 573 162 667 
 491 978 41 
 816 842 1461 
 38 501 954 
 1452 34 1032 
 597 209 918 
 1011 199 631 
 1250 767 1205 
 760 241 438 
 1034 364 442 
 154 57 1149 
 158 36 1221 
 221 1047 1380 
 577 223 394 
 996 874 1251 
 276 634 1081 
 503 139 980 
 142 404 24 
 943 590 806 
 961 900 219 
 932 1229 1177 
 657 1352 287 
 467 295 686 
 25 22 933 
 227 323 507 
 489 294 205 
 662 98 1455 
 668 260 595 
 465 1309 1488 
 812 194 637 
 836 1042 401 
 705 1127 723 
 563 147 741 
 1478 751 41 
 1141 1359 332 
 790 673 434 
 91 1170 1002 
 416 952 165 
 1074 1262 1056 
 640 16 1409 
 527 661 1002 
 97 95 1185 
 691 1296 1007 
 31 1348 863 
 842 816 372 
 1451 716 1353 
 1044 883 96 
 1240 1133 639 
 582 1343 1366 
 982 180 850 
 561 1022 1050 
 1129 348 1049 
 1209 328 1402 
 53 0 224 
 613 344 1412 
 544 770 878 
 859 209 59 
 611 1358 723 
 822 895 755 
 807 1036 908 
 1404 1144 1189 
 1026 1163 622 
 152 1069 1197 
 1285 823 1160 
 588 415 1300 
 673 74 844 
 329 881 119 
 425 1176 620 
 1055 840 1125 
 1426 964 608 
 14 367 300 
 1358 962 1218 
 415 182 1300 
 948 866 1469 
 1077 441 1111 
 1474 858 679 
 738 113 801 
 721 901 382 
 849 391 1277 
 880 1151 1005 
 769 771 763 
 1464 760 98 
 578 471 199 
 368 1210 535 
 128 689 352 
 788 1452 17 
 244 330 1145 
 1264 713 939 
 1481 729 795 
 1080 1082 719 
 1440 26 1245 
 1391 879 458 
 1179 644 688 
 1475 1131 982 
 1091 1417 996 
 1291 1110 1381 
 946 865 1482 
 1012 997 1372 
 132 1470 986 
 266 715 633 
 870 92 286 
 366 947 1322 
 1479 1209 177 
 698 792 2 
 109 902 968 
 1419 789 181 
 1419 1230 789 
 202 1116 699 
 145 362 1372 
 1395 1128 82 
 776 15 870 
 62 12 1345 
 1448 35 16 
 508 1136 289 
 45 1240 1201 
 1041 940 681 
 569 484 76 
 865 136 892 
 874 161 1471 
 1069 222 1337 
 259 222 427 
 1204 119 881 
 625 790 434 
 487 125 1243 
 863 732 1032 
 571 555 554 
 539 314 671 
 1373 630 532 
 277 538 1314 
 875 607 1107 
 1101 1079 566 
 1133 820 1119 
 1232 288 1441 
 1430 66 9 
 532 876 1373 
 504 690 1345 
 247 665 610 
 676 1134 149 
 1028 388 988 
 305 794 1043 
 121 61 1273 
 778 1069 1337 
 380 573 197 
 459 173 1137 
 803 1328 667 
 199 419 631 
 1111 108 720 
 1210 735 658 
 1168 1262 1074 
 290 478 78 
 1162 1236 653 
 1257 987 233 
 618 167 103 
 1234 451 1390 
 784 178 556 
 1023 476 256 
 10 1070 320 
 1287 1279 1415 
 1115 1280 1132 
 219 873 100 
 602 1195 1147 
 171 704 1112 
 239 1375 445 
 1265 1476 461 
 1238 5 490 
 701 887 270 
 126 1226 1378 
 1134 511 257 
 1171 29 149 
 668 1071 449 
 1365 1462 1058 
 722 742 623 
 459 879 1391 
 167 156 166 
 379 43 871 
 593 1170 91 
 502 271 477 
 154 1093 689 
 654 872 221 
 572 472 1057 
 774 15 637 
 190 967 479 
 838 213 499 
 7 159 235 
 963 99 187 
 827 277 1314 
 39 174 75 
 1465 905 525 
 835 1385 536 
 303 866 1094 
 979 868 877 
 4 1065 669 
 1155 1346 230 
 19 1199 453 
 257 1112 704 
 585 397 622 
 970 1089 887 
 984 924 882 
 1248 534 197 
 1141 184 312 
 1204 13 119 
 227 670 1186 
 1029 101 367 
 255 839 118 
 301 12 62 
 836 879 321 
 1482 1269 946 
 749 522 717 
 742 499 623 
 625 105 178 
 1017 551 1333 
 433 954 501 
 1007 1296 781 
 690 424 1142 
 438 353 1 
 1008 648 1418 
 1391 1037 173 
 1090 1375 913 
 42 245 290 
 302 673 158 
 266 1076 725 
 918 582 418 
 1091 55 1417 
 637 150 774 
 999 1022 54 
 636 1279 972 
 1212 727 462 
 87 628 1398 
 848 1157 927 
 552 620 1176 
 219 100 310 
 262 1090 665 
 587 373 44 
 545 386 406 
 42 290 891 
 787 1448 243 
 902 109 143 
 107 584 990 
 1216 1329 1338 
 415 115 420 
 249 1182 1450 
 907 1364 655 
 294 505 973 
 907 46 1364 
 719 1335 1080 
 686 398 436 
 426 1095 287 
 1101 725 1079 
 868 49 1436 
 739 684 517 
 1123 1199 683 
 243 16 1484 
 1023 91 1258 
 534 376 1466 
 731 526 630 
 1181 646 458 
 1476 1320 89 
 823 446 1228 
 188 1457 726 
 475 551 1001 
 1028 988 1098 
 462 49 979 
 1017 1333 590 
 1447 423 459 
 1312 428 839 
 900 688 644 
 1244 317 1076 
 940 1330 681 
 1386 705 1331 
 116 148 886 
 873 337 236 
 754 1199 19 
 490 198 1454 
 608 144 1159 
 2 1416 452 
 11 931 1294 
 498 1437 275 
 784 790 178 
 1374 1357 3 
 326 1245 1337 
 723 1358 1218 
 1296 1053 781 
 560 740 768 
 1200 551 475 
 1286 361 102 
 390 737 1104 
 1012 1372 362 
 715 1156 633 
 930 1018 535 
 1077 1346 127 
 1414 841 1236 
 677 724 876 
 1491 1215 748 
 709 817 954 
 767 1216 1205 
 452 1416 693 
 836 321 1042 
 1056 1083 524 
 109 1194 157 
 149 127 676 
 180 1044 647 
 652 607 1315 
 1002 661 1325 
 335 387 1318 
 908 1340 315 
 1282 1251 211 
 1270 320 664 
 1289 1267 126 
 786 474 322 
 780 1493 83 
 1459 592 778 
 270 386 1067 
 1258 91 1002 
 962 203 1073 
 819 1390 451 
 1385 1263 536 
 1134 1078 106 
 1470 408 1224 
 257 1078 1134 
 1380 1272 834 
 1368 485 193 
 980 1249 643 
 320 1070 1178 
 916 609 958 
 1474 545 858 
 920 899 1170 
 867 367 14 
 982 238 1475 
 1280 156 851 
 703 553 453 
 1197 701 1374 
 1129 971 1227 
 776 637 15 
 490 5 198 
 996 1297 1133 
 1250 1205 468 
 813 268 1381 
 73 1377 46 
 1486 964 1397 
 474 186 322 
 23 1223 409 
 1154 512 1235 
 534 1466 360 
 824 965 1368 
 1166 553 1384 
 864 395 1431 
 172 1318 387 
 132 986 457 
 605 47 547 
 1032 732 881 
 56 209 672 
 358 729 32 
 1102 1352 530 
 661 527 668 
 1454 122 1169 
 514 125 487 
 285 673 319 
 1355 1060 1215 
 654 1268 37 
 1307 481 319 
 648 1217 410 
 727 580 542 
 1000 599 228 
 1105 118 839 
 1243 125 73 
 1389 1284 353 
 805 64 548 
 10 403 1070 
 1109 957 1023 
 876 238 677 
 758 238 613 
 1156 715 822 
 476 1258 1325 
 378 809 280 
 683 629 517 
 257 704 1078 
 856 1241 550 
 1445 983 1225 
 753 428 1332 
 549 609 1320 
 234 825 1425 
 1155 511 676 
 1171 54 29 
 1009 728 1322 
 1270 137 806 
 1177 919 1295 
 157 258 109 
 863 1348 1354 
 879 836 401 
 608 964 929 
 500 669 1246 
 175 462 598 
 860 559 352 
 618 156 167 
 329 119 615 
 194 1360 1179 
 1098 601 1456 
 1382 1249 980 
 980 1275 1382 
 993 948 832 
 660 645 50 
 650 140 565 
 1068 1140 1105 
 1453 1262 1102 
 622 855 1026 
 676 511 1134 
 1327 967 537 
 1013 497 914 
 669 1468 1246 
 51 931 1192 
 172 885 1318 
 286 968 776 
 48 385 1309 
 544 683 517 
 711 970 887 
 729 1455 440 
 647 1044 96 
 449 1432 910 
 1144 1404 979 
 782 950 156 
 639 1119 1304 
 131 624 420 
 540 1400 1233 
 490 1395 82 
 656 560 394 
 1343 582 918 
 1143 615 1100 
 1204 389 619 
 694 71 580 
 138 191 1378 
 1178 664 320 
 161 874 1417 
 763 1492 769 
 1227 252 1129 
 117 353 72 
 114 342 995 
 1139 989 714 
 432 310 166 
 568 282 941 
 1393 1452 788 
 435 1 1490 
 76 554 569 
 426 1035 215 
 82 0 280 
 1145 773 787 
 199 1257 419 
 1235 966 542 
 920 464 142 
 1242 981 11 
 63 494 1198 
 1283 273 791 
 979 216 1144 
 97 730 95 
 611 723 1048 
 1192 1481 51 
 1374 293 1357 
 207 142 464 
 1321 395 708 
 779 1297 135 
 1457 425 903 
 1415 1408 242 
 943 675 1229 
 356 261 345 
 472 1265 339 
 773 885 787 
 758 613 1412 
 992 1362 1461 
 525 492 893 
 248 1278 1227 
 124 331 421 
 1476 344 549 
 874 1471 349 
 1003 699 1116 
 283 1122 232 
 1363 1099 113 
 485 289 1136 
 447 471 1446 
 702 72 80 
 226 652 134 
 873 900 337 
 540 503 1468 
 940 1041 393 
 66 207 430 
 412 1008 431 
 1293 511 1155 
 453 553 19 
 654 834 926 
 1102 1467 810 
 900 308 688 
 131 20 624 
 604 1411 1144 
 758 753 238 
 558 649 1003 
 441 29 54 
 1489 150 194 
 261 1084 482 
 964 928 94 
 391 315 1277 
 80 1385 1158 
 260 910 516 
 466 1024 574 
 129 1184 1474 
 1238 280 809 
 677 755 724 
 783 915 1118 
 1367 1261 189 
 916 886 1320 
 258 157 1003 
 1088 235 159 
 151 312 553 
 1190 120 1121 
 26 1337 1245 
 493 888 1014 
 771 976 632 
 630 526 1152 
 424 1295 1142 
 992 1370 83 
 739 307 412 
 1098 1343 918 
 672 1315 56 
 57 655 1149 
 1433 643 1249 
 1182 447 1450 
 1089 970 226 
 725 642 198 
 1447 363 993 
 102 209 859 
 609 549 613 
 1130 1031 882 
 894 527 899 
 422 164 1445 
 403 10 1333 
 93 327 433 
 1297 1251 1302 
 1217 766 410 
 1072 747 85 
 597 918 1303 
 317 725 1076 
 243 244 1145 
 558 1003 157 
 305 614 666 
 792 301 2 
 1065 4 271 
 1279 636 254 
 1251 1297 996 
 1442 489 1463 
 455 1471 802 
 895 822 1167 
 378 280 165 
 287 1352 426 
 1109 114 995 
 422 1445 1225 
 1113 523 153 
 607 1317 56 
 1123 1392 453 
 634 575 861 
 885 773 365 
 656 872 133 
 223 1214 58 
 1174 601 264 
 1034 346 6 
 423 1447 745 
 326 468 570 
 500 477 669 
 367 867 1029 
 1119 639 1133 
 48 1309 1186 
 29 1077 149 
 545 406 325 
 1189 1026 557 
 813 1381 1209 
 1131 532 180 
 927 169 114 
 780 83 1370 
 1429 818 1422 
 909 755 677 
 313 1423 606 
 891 1072 85 
 1160 823 1219 
 779 214 820 
 1470 247 408 
 1310 871 825 
 61 121 176 
 1165 575 651 
 568 898 309 
 850 180 958 
 1086 208 1480 
 1 1160 112 
 124 128 110 
 798 1292 1033 
 895 1167 809 
 892 136 382 
 515 255 177 
 1093 1154 1206 
 305 1087 274 
 1441 292 547 
 547 47 1232 
 66 430 9 
 567 727 966 
 205 294 911 
 601 1098 361 
 279 276 1081 
 1090 262 1375 
 1319 522 749 
 605 292 1398 
 1220 1208 1049 
 953 751 516 
 1461 842 674 
 1143 1220 356 
 332 184 1141 
 113 1356 365 
 162 573 1103 
 1068 1353 749 
 538 65 31 
 214 84 818 
 1220 1049 356 
 635 1287 1415 
 1082 632 719 
 1075 1062 844 
 1272 1487 834 
 1012 702 80 
 136 946 241 
 252 348 1129 
 1254 84 748 
 1171 106 450 
 381 692 1406 
 168 1458 793 
 393 1424 1419 
 524 656 621 
 84 847 818 
 43 493 1014 
 455 1185 1471 
 98 662 736 
 937 8 372 
 340 1362 949 
 1464 98 796 
 1357 224 1191 
 145 1372 682 
 34 1458 76 
 1144 744 1407 
 1044 180 1152 
 1477 327 1178 
 1328 803 139 
 1268 654 200 
 706 949 1301 
 1091 996 1133 
 1365 1292 1462 
 237 960 890 
 1271 23 494 
 247 262 665 
 702 448 117 
 1492 1405 769 
 1346 1077 1111 
 720 385 230 
 129 1434 153 
 78 405 1072 
 352 1093 1206 
 700 1229 675 
 377 1071 529 
 511 1293 257 
 963 722 116 
 1341 844 1062 
 1387 284 371 
 317 709 1079 
 601 1007 264 
 882 1031 984 
 204 802 1471 
 667 204 573 
 861 354 405 
 129 153 942 
 15 775 1473 
 111 1183 1007 
 323 88 188 
 816 1461 70 
 704 171 565 
 203 638 1073 
 667 144 929 
 393 181 815 
 721 1231 1423 
 785 49 312 
 624 1124 182 
 690 407 62 
 67 277 1033 
 860 1319 559 
 924 984 693 
 81 883 925 
 1288 1243 73 
 1341 640 625 
 924 919 1229 
 1293 507 338 
 314 539 984 
 55 1133 1240 
 222 1069 152 
 194 902 143 
 772 638 797 
 1044 925 883 
 1224 408 1053 
 1158 698 1039 
 626 747 1072 
 420 115 201 
 392 845 1013 
 442 277 827 
 247 1470 123 
 966 1235 933 
 1005 1151 944 
 80 72 402 
 390 443 888 
 1280 912 166 
 1025 488 1264 
 577 935 60 
 1153 1410 945 
 925 1152 526 
 302 319 673 
 316 1095 469 
 920 24 899 
 507 1293 670 
 1331 248 437 
 496 850 958 
 447 1257 471 
 1037 875 303 
 943 932 1017 
 195 901 945 
 498 1040 1202 
 415 588 115 
 30 748 1010 
 1419 1345 12 
 1334 574 1024 
 1163 880 1005 
 1212 694 580 
 1491 748 30 
 561 1111 1022 
 702 117 72 
 994 1482 649 
 543 298 829 
 1441 547 1232 
 207 66 628 
 615 13 1478 
 697 1231 687 
 128 1319 1353 
 1403 226 1351 
 1440 570 528 
 230 385 40 
 432 1124 20 
 233 87 292 
 1326 583 1016 
 436 1021 617 
 139 829 355 
 318 304 1308 
 341 395 1321 
 81 731 47 
 611 1196 1358 
 1405 304 311 
 1364 75 174 
 17 881 329 
 639 1408 1201 
 805 548 914 
 679 858 418 
 736 981 697 
 65 1348 31 
 1219 112 1160 
 1138 1087 305 
 123 1114 445 
 1197 1374 3 
 721 313 901 
 672 695 1315 
 1481 1294 51 
 1456 265 269 
 492 1136 1234 
 775 308 131 
 494 409 1198 
 356 348 831 
 389 1204 869 
 539 682 1372 
 1272 1380 460 
 1456 1028 1098 
 618 100 991 
 1083 1056 872 
 1226 147 563 
 1115 1132 1427 
 1073 1218 962 
 189 1261 697 
 796 98 1231 
 245 444 290 
 405 78 478 
 1099 586 113 
 1310 825 1421 
 484 330 244 
 479 1326 890 
 558 830 994 
 108 1488 811 
 122 1070 403 
 1431 341 282 
 99 483 187 
 662 1192 736 
 1027 1061 1000 
 1160 1 435 
 1479 1004 1209 
 1037 1298 1137 
 546 1207 111 
 557 296 411 
 1016 373 1326 
 1039 698 997 
 1321 1185 341 
 731 925 526 
 1394 155 50 
 475 1169 1200 
 1047 657 808 
 460 1047 1272 
 755 955 724 
 845 392 1406 
 1387 400 733 
 292 631 419 
 1201 1408 1415 
 537 370 346 
 1465 989 1139 
 166 310 103 
 131 308 218 
 38 954 817 
 776 812 637 
 1192 931 736 
 1067 701 270 
 504 1250 424 
 1344 501 196 
 1419 504 1345 
 816 70 1334 
 882 924 700 
 330 484 569 
 815 1330 940 
 1334 77 937 
 1011 631 801 
 1237 1031 1130 
 747 99 963 
 699 1005 202 
 669 1065 1468 
 1406 392 486 
 69 6 346 
 375 1150 373 
 910 1432 273 
 881 732 869 
 220 921 1015 
 1163 699 585 
 642 122 1454 
 458 879 1181 
 1285 145 853 
 343 1088 283 
 1196 1432 1071 
 1421 250 252 
 26 1440 192 
 677 238 753 
 955 952 387 
 1225 1266 520 
 1297 1302 135 
 734 146 465 
 712 1289 191 
 451 848 927 
 139 503 1233 
 433 1477 954 
 507 670 227 
 1204 881 869 
 555 140 422 
 1052 663 904 
 223 473 394 
 104 237 1150 
 684 878 770 
 533 602 1335 
 1109 1023 114 
 698 984 997 
 1367 313 1261 
 1464 136 241 
 1216 1338 1205 
 1050 28 561 
 306 281 258 
 922 1444 280 
 477 4 669 
 1121 522 783 
 720 230 263 
 229 53 224 
 705 723 1218 
 44 1016 808 
 566 1079 718 
 1186 1309 146 
 732 714 869 
 593 920 1170 
 968 170 109 
 390 1393 934 
 189 1190 750 
 1392 1361 185 
 379 1310 529 
 299 106 799 
 1159 271 239 
 282 341 95 
 855 195 1410 
 879 762 1181 
 410 1449 1260 
 626 405 354 
 857 388 1028 
 246 901 195 
 52 1252 64 
 1457 171 726 
 1371 873 236 
 1048 1386 1283 
 1054 176 121 
 79 316 469 
 496 982 850 
 857 740 388 
 928 964 1426 
 608 1159 239 
 50 155 617 
 490 1454 1169 
 1437 1202 92 
 981 736 931 
 912 432 166 
 87 1398 292 
 236 324 1371 
 1161 329 615 
 855 622 397 
 978 1386 160 
 925 1044 1152 
 438 1 112 
 360 1466 1164 
 197 1164 380 
 554 168 930 
 139 1275 980 
 55 1466 376 
 961 20 218 
 531 200 654 
 751 619 516 
 74 673 285 
 1105 839 428 
 1040 498 786 
 684 1370 878 
 954 1477 1178 
 1106 1222 1059 
 376 161 1417 
 437 971 1208 
 754 1253 648 
 574 340 1438 
 1424 767 504 
 513 436 398 
 852 196 1483 
 1465 1139 1365 
 1267 1289 1305 
 440 446 823 
 479 890 190 
 643 1246 1468 
 521 1335 602 
 329 261 482 
 450 299 1051 
 512 576 1301 
 1030 22 766 
 306 1355 281 
 1057 344 572 
 630 1099 1363 
 171 1112 726 
 444 18 290 
 640 31 16 
 617 155 436 
 685 433 501 
 438 112 760 
 545 672 858 
 714 1354 1443 
 869 714 541 
 38 1483 501 
 486 381 1406 
 1045 932 1177 
 441 54 1022 
 110 128 716 
 1337 259 326 
 197 573 1248 
 10 590 1333 
 1379 349 1321 
 633 1076 266 
 375 587 44 
 470 74 599 
 575 1122 651 
 621 394 473 
 1228 1219 823 
 409 1223 1198 
 1315 607 56 
 262 123 445 
 602 533 1195 
 552 1011 414 
 1401 210 854 
 362 145 448 
 1371 765 1311 
 1268 1061 37 
 977 1018 1247 
 248 1331 705 
 964 1486 929 
 1166 151 553 
 1354 896 1443 
 208 402 72 
 1467 27 77 
 914 548 392 
 1444 416 165 
 578 199 552 
 1450 1247 1018 
 86 1132 851 
 243 1448 16 
 396 740 591 
 137 1270 664 
 922 229 1444 
 1268 599 1061 
 1206 1154 21 
 1383 756 541 
 456 957 1109 
 421 1243 1288 
 653 1063 334 
 611 1048 1283 
 396 591 1307 
 1142 407 690 
 1478 743 615 
 166 103 167 
 794 274 163 
 275 318 1308 
 949 83 1449 
 646 1181 911 
 1036 1350 1141 
 10 320 590 
 214 818 1119 
 623 1485 722 
 1162 1338 1329 
 1276 79 1377 
 145 1490 448 
 618 429 782 
 1062 1075 538 
 1148 1305 1289 
 1158 1290 698 
 525 1180 492 
 904 886 916 
 619 1478 13 
 1323 1491 1494 
 1120 1323 1494 
 765 1120 1494 
 1311 765 1494 
 206 1311 1494 
 1203 206 1494 
 211 1203 1494 
 1282 211 1494 
 1281 1282 1494 
 1302 1281 1494 
 135 1302 1494 
 612 135 1494 
 30 612 1494 
 1491 30 1494 
 215 1035 1495 
 39 215 1495 
 174 39 1495 
 1438 174 1495 
 466 1438 1495 
 1024 466 1495 
 1035 1024 1495 
 1166 1384 1496 
 1376 1166 1496 
 837 1376 1496 
 272 837 1496 
 1340 272 1496 
 315 1340 1496 
 1277 315 1496 
 1324 1277 1496 
 1211 1324 1496 
 1256 1211 1496 
 1392 1256 1496 
 1361 1392 1496 
 185 1361 1496 
 703 185 1496 
 374 703 1496 
 1384 374 1496 
 1287 635 1497 
 1279 1287 1497 
 972 1279 1497 
 1259 972 1497 
 1006 1259 1497 
 543 1006 1497 
 298 543 1497 
 336 298 1497 
 1306 336 1497 
 635 1306 1497 
 1359 1350 1498 
 242 1359 1498 
 635 242 1498 
 1306 635 1498 
 1313 1306 1498 
 807 1313 1498 
 1036 807 1498 
 1350 1036 1498 
 1420 1316 1499 
 184 1420 1499 
 312 184 1499 
 785 312 1499 
 1436 785 1499 
 868 1436 1499 
 877 868 1499 
 1316 877 1499 
 217 1429 1500 
 777 217 1500 
 1316 777 1500 
 877 1316 1500 
 510 877 1500 
 216 510 1500 
 604 216 1500 
 1411 604 1500 
 1429 1411 1500 
 600 1411 1501 
 744 600 1501 
 1407 744 1501 
 1399 1407 1501 
 847 1399 1501 
 818 847 1501 
 1422 818 1501 
 1429 1422 1501 
 1411 1429 1501 
 1396 1399 1502 
 975 1396 1502 
 1388 975 1502 
 1254 1388 1502 
 847 1254 1502 
 1399 847 1502 
